[1.77086402 1.77086402 1.77086402 1.77086402 1.77086402 1.77086402
 1.77086402 1.77086402 1.77086402 1.77086402 1.77086402 1.77086402
 1.77086402 1.77086402 1.77086402 1.77086402 1.77086402 4.86844644
 4.89889048 1.77086402 1.77086402 1.77086402 1.77086402 1.77086402
 1.77086402 4.25797129 4.19740977 4.25880886 1.77086402 1.77086402
 1.77086402 1.77086402 1.77086402 1.77086402 1.77086402 1.77086402
 1.77086402 1.77086402 5.8797654  5.7346914  5.67067147 5.58137623
 5.54114662 5.47379584 3.41332401 3.40042074 3.39462126 3.41268813
 3.37953564 4.9622763  4.91427955 4.15676799 4.10242482 4.0874426
 4.04854485 3.96785222 3.93389235 3.91941471 3.88702838 3.79664878
 2.89093999 2.86558415 2.84509414 2.66137279 2.61162556 2.61059665
 2.71060418 2.72155815 2.70439958 2.6840835  2.66440613 2.6431889
 2.6332066  2.59092769 2.58201737 2.580634   2.56995685 2.5197473
 2.51400135 2.48857774 2.46214991 2.46526113 2.42381148 2.4156919
 2.38362362 2.38014834 2.3685696  2.35200115 2.33567748 2.29480743
 2.29321358 2.27860321 2.29047028 1.77086402 1.77086402 1.77086402
 1.77086402 1.77086402 2.11183899 2.09679511 2.0781998  2.14366981
 2.11376372 2.05500625 2.039053   2.01396048 1.97506702 1.94958618
 1.92911393 1.90423594 1.88730663 1.86840926 1.84828648 1.83003467
 1.8136421  1.79802995 1.78279786 1.76860731 1.75459957 1.74162669
 1.72888739 1.71577788 1.70338458 1.69100268 1.68608452 1.67432239
 1.66258967 1.64947847 1.63961391 1.63013177 1.62080601 1.6128105
 1.60504157 1.59661401 1.58939294 1.58010038 1.5709654  1.56302428
 1.55534305 1.54830002 1.54076439 1.53386862 1.52766129 1.52263103
 1.51795835 1.51553007 1.50724496 1.50104994 1.49505782 1.4898015
 1.48477853 1.47886575 1.47312853 1.46756765 1.46218369 1.45697717
 1.45131713 1.44580852 1.44045231 1.43592048 1.43088427 1.42600254
 1.42056684 1.41526243 1.40935725 1.40505227 1.4001487  1.39614875
 1.39152875 1.38546667 1.38030091 1.37120075 1.36458246 1.35887867
 1.35580156 1.35203917 1.34842278 1.34321811 1.33812634 1.33314952
 1.32828976 1.32264901 1.31711436 1.31168864 1.30637452 1.30117484
 1.29609221 1.29018878 1.2853426  1.27871795 1.27315761 1.26771849
 1.26240405 1.25430479 1.24826276 1.2423489  1.23558525 1.22895182
 1.22245365 1.21510507 1.20690428 1.20083586 1.19293047 1.1861782
 1.17959007 1.17217221 1.1659287  1.15986646 1.15299114 1.15030609
 1.14182318 1.13255185 1.12250429 1.11467726 1.10113067 1.09379256
 1.08670529 1.08184511 1.08018113 1.08559748 1.07756824 1.06402003
 1.0585538  1.03897948 0.97590954 0.99931883 1.0255793  1.03209008
 1.03040878 1.04478535 1.05465439 1.06649771 1.07664539 1.0932132
 1.10179528 1.10436202 1.12728232 1.13624175 1.14534193 1.15711806
 1.16813256 1.17013322 1.18306232 1.19845179 1.26082857 1.22440878
 1.23663879 1.24813506 1.25817232 1.26533182 1.26756276 1.27731175
 1.27376551 1.28395122 1.29287505 1.30194449 1.31115676 1.31922785
 1.32811722 1.34207606 1.35237524 1.36218848 1.37155494 1.38218537
 1.39073617 1.40054574 1.40947258 1.42158467 1.43178301 1.44164824
 1.45212695 1.46273387 1.47388614 1.50008247 1.51043119 1.52051943
 1.5346617  1.53704403 1.54709919 1.55735464 1.56722872 1.57600068
 1.58673789 1.59793907 1.60621776 1.61905694 1.63209624 1.64459664
 1.65624806 1.66708485 1.67930536 1.69233959 1.70448986 1.71751672
 1.7313042  1.74504516 1.75897405 1.77318294 1.78785854 1.80277987
 1.81846695 1.83415139 1.8500399  1.86521633 1.88207478 1.90034338
 1.9183082  1.93953346 1.95786639 1.97795952 1.99925277 2.02262419
 2.04810659 2.0712087  2.08895477 2.11280474 1.77086402 1.77086402
 1.77086402 1.77086402 3.00160206 1.77086402 1.77086402 1.77086402
 1.77086402 1.77086402 1.77086402 1.77086402 1.77086402 1.77086402
 1.77086402 1.77086402 1.77086402 1.77086402 1.77086402 1.77086402
 1.77086402 1.77086402 1.77086402 1.77086402 1.77086402 1.77086402
 4.68841758 1.77086402 1.77086402 1.77086402 1.77086402 3.76529699
 3.73837469 3.76369554 3.79756621 3.82769177 3.80636967 1.77086402],[-1.01452399e+00 -1.01452399e+00 -1.01452399e+00 -1.01452399e+00
 -1.01452399e+00 -1.01452399e+00 -1.01452399e+00 -1.01452399e+00
 -1.01452399e+00 -1.01452399e+00 -1.01452399e+00 -1.01452399e+00
 -1.01452399e+00 -1.01452399e+00 -1.01452399e+00 -1.01452399e+00
 -1.01452399e+00 -1.72043649e+00 -1.67016647e+00 -1.01452399e+00
 -1.01452399e+00 -1.01452399e+00 -1.01452399e+00 -1.01452399e+00
 -1.01452399e+00 -1.22503214e+00 -1.17731021e+00 -1.13785755e+00
 -1.01452399e+00 -1.01452399e+00 -1.01452399e+00 -1.01452399e+00
 -1.01452399e+00 -1.01452399e+00 -1.01452399e+00 -1.01452399e+00
 -1.01452399e+00 -1.01452399e+00 -3.51821272e-01 -3.04030413e-01
 -2.45026687e-01 -1.93304970e-01 -1.32847790e-01 -8.01488012e-02
 -5.07290201e-01 -4.79949381e-01 -4.50278167e-01 -4.11685357e-01
 -3.91787525e-01  2.85400743e-01  3.30280524e-01  5.58438490e-02
  8.07385747e-02  1.23467714e-01  1.54137520e-01  1.61616884e-01
  1.92471216e-01  2.34056959e-01  2.65154733e-01  2.59306675e-01
 -2.82626476e-01 -2.71613013e-01 -2.57803645e-01 -3.63675908e-01
 -3.77228987e-01 -3.54620194e-01 -2.49127063e-01 -2.12204501e-01
 -1.98367526e-01 -1.87569236e-01 -1.76545734e-01 -1.67349154e-01
 -1.47290227e-01 -1.60503136e-01 -1.39721650e-01 -1.10052571e-01
 -9.00053844e-02 -1.16896615e-01 -9.15008195e-02 -9.05180844e-02
 -9.17386331e-02 -5.30622741e-02 -7.63829399e-02 -5.26710963e-02
 -6.50895986e-02 -3.33015104e-02 -1.33726217e-02 -1.35885177e-03
  1.12570597e-02 -2.23711533e-02  1.78518196e-02  3.40110963e-02
  1.08052645e-01 -1.01452399e+00 -1.01452399e+00 -1.01452399e+00
 -1.01452399e+00 -1.01452399e+00 -1.50881213e-02 -1.67407820e-03
  9.88538427e-04  2.99619074e-01  2.79825559e-01  1.38995452e-01
  1.62303827e-01  1.45272964e-01  5.21048392e-02  1.60944624e-02
  3.24656553e-03 -4.56607899e-02 -4.34806915e-02 -6.04978330e-02
 -9.97946699e-02 -1.32506508e-01 -1.51583625e-01 -1.67959748e-01
 -1.98611276e-01 -2.16527204e-01 -2.12688942e-01 -2.40075709e-01
 -2.54682607e-01 -2.57525628e-01 -2.67565809e-01 -2.74822570e-01
 -3.39829655e-01 -3.41412021e-01 -3.43199423e-01 -3.37316799e-01
 -3.49349296e-01 -3.61516784e-01 -3.72835930e-01 -3.88157389e-01
 -4.02593506e-01 -4.13264549e-01 -4.26907399e-01 -4.33014560e-01
 -4.39266157e-01 -4.48474853e-01 -4.57783731e-01 -4.68112757e-01
 -4.76677232e-01 -4.86249275e-01 -4.96801609e-01 -5.09202893e-01
 -5.21619594e-01 -5.37569502e-01 -5.42098336e-01 -5.50229515e-01
 -5.58431970e-01 -5.67547644e-01 -5.76706569e-01 -5.84248507e-01
 -5.91862661e-01 -5.99545307e-01 -6.07292569e-01 -6.15100577e-01
 -6.22190244e-01 -6.29355288e-01 -6.36592680e-01 -6.44640440e-01
 -6.52001193e-01 -6.59424620e-01 -6.66202482e-01 -6.73061674e-01
 -6.79319784e-01 -6.87014056e-01 -6.94102146e-01 -7.01902062e-01
 -7.09116490e-01 -7.15169878e-01 -7.21941582e-01 -7.25874937e-01
 -7.31751468e-01 -7.38328288e-01 -7.46645022e-01 -7.54457172e-01
 -7.62318888e-01 -7.69232374e-01 -7.76250855e-01 -7.83372478e-01
 -7.90595392e-01 -7.97481826e-01 -8.04497205e-01 -8.11639923e-01
 -8.18908273e-01 -8.26300569e-01 -8.33814978e-01 -8.41110341e-01
 -8.48879895e-01 -8.56153333e-01 -8.63897600e-01 -8.71787956e-01
 -8.79822531e-01 -8.87281840e-01 -8.95427640e-01 -9.03745848e-01
 -9.12046421e-01 -9.20549620e-01 -9.29253402e-01 -9.38019239e-01
 -9.46896785e-01 -9.56240962e-01 -9.65607837e-01 -9.75300005e-01
 -9.85213084e-01 -9.95312191e-01 -1.00567598e+00 -1.01625187e+00
 -1.02705695e+00 -1.03795158e+00 -1.04927468e+00 -1.06097344e+00
 -1.07309615e+00 -1.08536873e+00 -1.09868011e+00 -1.11163351e+00
 -1.12486829e+00 -1.13802672e+00 -1.15080729e+00 -1.16220858e+00
 -1.17665040e+00 -1.19288468e+00 -1.20754759e+00 -1.22663025e+00
 -1.26002633e+00 -1.26762869e+00 -1.27350593e+00 -1.28578415e+00
 -1.30116328e+00 -1.31027005e+00 -1.32093017e+00 -1.33051787e+00
 -1.34063673e+00 -1.34741190e+00 -1.35781831e+00 -1.37133075e+00
 -1.37365013e+00 -1.38332016e+00 -1.39278729e+00 -1.40045266e+00
 -1.40837019e+00 -1.42219852e+00 -1.42858937e+00 -1.43288416e+00
 -1.40112950e+00 -1.44395578e+00 -1.44963825e+00 -1.45567074e+00
 -1.46275185e+00 -1.47230251e+00 -1.48652806e+00 -1.49384663e+00
 -1.51444203e+00 -1.52159887e+00 -1.53001944e+00 -1.53828299e+00
 -1.54638699e+00 -1.55586468e+00 -1.56444328e+00 -1.56655831e+00
 -1.57315729e+00 -1.58037584e+00 -1.58824279e+00 -1.59429371e+00
 -1.60350938e+00 -1.61090340e+00 -1.61985134e+00 -1.62346403e+00
 -1.63034302e+00 -1.63793553e+00 -1.64447846e+00 -1.65084532e+00
 -1.65612602e+00 -1.62736767e+00 -1.63292172e+00 -1.63922917e+00
 -1.63509182e+00 -1.66263604e+00 -1.67040380e+00 -1.67801686e+00
 -1.68738481e+00 -1.70141864e+00 -1.70954812e+00 -1.71653962e+00
 -1.73700071e+00 -1.73878542e+00 -1.73936016e+00 -1.74265693e+00
 -1.75166656e+00 -1.76841447e+00 -1.77805395e+00 -1.78252004e+00
 -1.79872006e+00 -1.80973657e+00 -1.81254408e+00 -1.81910985e+00
 -1.82743707e+00 -1.83452070e+00 -1.85235165e+00 -1.85992177e+00
 -1.87621008e+00 -1.88422433e+00 -1.89095492e+00 -1.88844542e+00
 -1.89956422e+00 -1.91728592e+00 -1.92871008e+00 -1.95552695e+00
 -1.96225083e+00 -1.97546125e+00 -1.99117522e+00 -2.01225036e+00
 -2.03762537e+00 -2.05088014e+00 -2.04452504e+00 -2.05687017e+00
 -1.01452399e+00 -1.01452399e+00 -1.01452399e+00 -1.01452399e+00
 -3.89131466e+00 -1.01452399e+00 -1.01452399e+00 -1.01452399e+00
 -1.01452399e+00 -1.01452399e+00 -1.01452399e+00 -1.01452399e+00
 -1.01452399e+00 -1.01452399e+00 -1.01452399e+00 -1.01452399e+00
 -1.01452399e+00 -1.01452399e+00 -1.01452399e+00 -1.01452399e+00
 -1.01452399e+00 -1.01452399e+00 -1.01452399e+00 -1.01452399e+00
 -1.01452399e+00 -1.01452399e+00 -3.62659910e+00 -1.01452399e+00
 -1.01452399e+00 -1.01452399e+00 -1.01452399e+00 -2.50861289e+00
 -2.43552047e+00 -2.40153747e+00 -2.37322871e+00 -2.34198901e+00
 -2.27845923e+00 -1.01452399e+00]
[5.69742289 3.80886579 2.67784819 2.66221576 2.49571485 2.4774422
 2.45453887 2.43674964 2.41439602 2.39168259 2.38824188 2.36136081
 2.34998093 2.33104679 2.30515979 2.28841733 2.2681862  2.11406807
 2.09607604 2.07728835 2.05762912 2.03607013 2.01345722 1.9937518
 1.97542332 1.95700141 1.94302204 1.92386071 1.91141862 1.89530397
 1.88038449 1.87414577 1.85767817 1.84623538 1.8292981  1.8244908
 1.81484949 1.80360912 1.79036953 1.78158519 1.77241814 1.7627203
 1.75534713 1.74740992 1.73794823 1.72714627 1.72315654 1.71031825
 1.70504506 1.6930297  1.70412249 1.69347983 1.68241788 1.67198612
 1.67510637 1.67099966 1.65906004 1.64471979 1.62658546 1.62016504
 1.61530032 1.60878798 1.60519651 1.60399799 1.59904766 1.59294759
 1.58850295 1.58285902 1.57966213 1.5737305  1.56799235 1.56322599
 1.56183013 1.55753967 1.55184592 1.54632701 1.54098413 1.53497936
 1.52998248 1.52773766 1.52226087 1.51519756 1.51091573 1.50414316
 1.49121413 1.48738636 1.48374729 1.48398059 1.47796493 1.47303383
 1.46920851 1.46177974 1.45829245 1.45211848 1.44802161 1.44506721
 1.44035872 1.43289816 1.42558903 1.42040009 1.41637048 1.41351224
 1.40292213 1.39645875 1.39017589 1.38607099 1.37717381 1.37245963
 1.36894657 1.36464013 1.36354275 1.36265709 1.36598145 1.37650323
 1.36526895 1.35327918 1.35248307 1.34297717 1.34066752 1.33464579
 1.32298027 1.32536494 1.29569879 1.28306689 1.28049856 1.27435503
 1.27526842 1.26402003 1.25412809 1.24842455 1.24027464 1.18352355
 1.21192463 1.25304148 1.27302501 1.28673669 1.29788889],[-0.56806743  0.08284752 -0.06592191 -0.05685771  0.19523674  0.20456895
  0.20137398  0.21190204  0.20882232  0.20338749  0.26383793  0.2442977
  0.28337612  0.29510563  0.27522392  0.29800401  0.3047899   0.18462405
  0.20741667  0.22890181  0.44405858  0.3498551   0.37725649  0.33134013
  0.28812779  0.26259073  0.20296513  0.20177511  0.15272043  0.13715555
  0.11741058  0.05623979  0.05287767  0.02779589  0.02783153 -0.01783613
 -0.041275   -0.05713041 -0.06550969 -0.0863854  -0.10449362 -0.11987331
 -0.13998406 -0.15735271 -0.1702003  -0.17952899 -0.20249207 -0.20666854
 -0.22520657 -0.23060271 -0.27603779 -0.28231662 -0.28793256 -0.29458838
 -0.32131293 -0.33627885 -0.33989212 -0.34056192 -0.33684141 -0.34834775
 -0.36144004 -0.37227307 -0.38614256 -0.40217085 -0.4137722  -0.42398374
 -0.43565113 -0.445968   -0.458349   -0.46808327 -0.47789305 -0.48840327
 -0.50141461 -0.51194628 -0.52133463 -0.5308067  -0.54035925 -0.54944499
 -0.55916346 -0.57049614 -0.57980846 -0.58824654 -0.59824388 -0.60693881
 -0.61271757 -0.62308288 -0.63349753 -0.64551849 -0.65483512 -0.66464553
 -0.67489823 -0.68391644 -0.69436262 -0.70399291 -0.71432966 -0.72501131
 -0.73526038 -0.74495117 -0.75485589 -0.76535248 -0.77616247 -0.78723134
 -0.79725771 -0.80810788 -0.81915592 -0.83057173 -0.84176428 -0.85345639
 -0.86533295 -0.87730458 -0.88941731 -0.90156479 -0.913601   -0.9251539
 -0.93789689 -0.95113062 -0.96364011 -0.97729922 -0.99033351 -1.0041036
 -1.01916032 -1.03197782 -1.05163495 -1.06853354 -1.08349562 -1.09963953
 -1.1141223  -1.13244644 -1.15092073 -1.16850817 -1.18740139 -1.24316938
 -1.24899394 -1.24823485 -1.25588945 -1.26603086 -1.27717027]
[3.4110218  3.4255875  2.87806977 2.65278798 2.64518216 2.62493745
 2.67903755 2.6822764  2.6598083  2.63516833 2.58430477 2.59540248
 2.57480402 2.55071281 2.54317942 2.51222326 2.50714517 2.49061671
 2.46478174 2.43598234 2.42053957 2.40852395 2.38940686 2.36600226
 2.34735607 2.31877791 2.30398765 2.2853895  2.26507372 2.11106255
 2.09071904 2.06932732 2.04332439 2.01934646 1.99953468 1.98044429
 1.96194338 1.94405163 1.92454655 1.90766427 1.8930606  1.87645179
 1.85829528 1.84704735 1.83431572 1.81716862 1.80553644 1.78759792
 1.77596268 1.76270947 1.76344312 1.74776259 1.73484315 1.72660885
 1.71906438 1.70580009 1.69806415 1.68587594 1.67630646 1.66665247
 1.65333824 1.64639112 1.63940489 1.6334314  1.62625909 1.62006729
 1.61430559 1.61200125 1.60592383 1.56475496 1.55219621 1.58725869
 1.56846528 1.54881143 1.54363229 1.53666455 1.52635152 1.51986189
 1.51513573 1.51072601 1.50586212 1.50206999 1.48830578 1.47217245
 1.46982397 1.46698708 1.44948816 1.45046461 1.43991675 1.42433709
 1.41833773 1.41694756 1.4185209  1.41330067 1.41280921 1.39717382
 1.38525325 1.37529606 1.36642027 1.36332751 1.4009629  1.3436787
 1.33172146 1.31991221 1.3178856  1.31514792 1.31557167 1.30358509
 1.29764608 1.2929117  1.28742358 1.26437192 1.26029094 1.25943476
 1.24590222 1.22461423 1.22848205 1.22263683 1.21005268 1.20672545
 1.19666806 1.19188531 1.18338526 1.18416113 1.15131008 1.1327762
 1.12454009 1.10870295 1.08829861 1.13049136 1.05271436 1.14443941
 1.14790147 1.16819741 1.16247494 1.20245999 1.22509933 1.24495366
 1.26110355 1.26982553 1.28907083 1.30185823 1.31386102 1.33152082
 1.34832281 1.36518041 1.37401273 1.3856849  1.40452227 1.41636155
 1.45884662 1.46790475 1.46813618 1.52064065 1.52210396 1.54171672
 1.54591089 1.55714832 1.57289659 1.58929745 1.59914707 1.61965266
 1.62467902 1.6320103  1.64286136 1.64920664 1.65771085 1.67325511
 1.67948055 1.69075348 1.71258198 1.72106535 1.72344342 1.77439071
 1.7977336  1.80694096 1.81636341 1.82677128 1.8369558  1.8618991
 1.87272827 1.88277908 1.8944991  1.90492668 1.91634256 1.92479929
 4.73166196 3.88094522 3.82656669],[-2.82243205e-01 -2.43277609e-01 -7.86535510e-02 -1.85963348e-01
 -1.65446308e-01 -1.64510275e-01  1.05505502e-03  4.96535372e-02
  5.26288063e-02  5.06812761e-02 -6.75626508e-03  6.42810660e-02
  6.91580595e-02  6.53451400e-02  1.01904980e-01  7.95952217e-02
  1.26219271e-01  1.43627388e-01  1.33179045e-01  1.10695232e-01
  1.31847331e-01  1.68275420e-01  1.80337818e-01  1.74533875e-01
  1.89823765e-01  1.54711998e-01  1.91922336e-01  2.12160187e-01
  2.24184983e-01  1.39447353e-01  1.62521974e-01  1.96229657e-01
  3.15471891e-01  3.26318130e-01  2.75901035e-01  2.36170460e-01
  2.03137505e-01  1.73818278e-01  1.62067258e-01  1.36185096e-01
  1.02209081e-01  8.37751731e-02  7.48785898e-02  3.74621544e-02
  1.06563252e-02  3.02709119e-03 -2.31233638e-02 -2.64462367e-02
 -4.90821632e-02 -6.52093447e-02 -1.18081009e-01 -1.24033672e-01
 -1.36736152e-01 -1.59718666e-01 -1.82714674e-01 -1.92144495e-01
 -2.12540637e-01 -2.23174747e-01 -2.38390344e-01 -2.52822829e-01
 -2.60444200e-01 -2.78551628e-01 -2.95821801e-01 -3.13943268e-01
 -3.29571083e-01 -3.46048323e-01 -3.62529053e-01 -3.82981317e-01
 -3.97815938e-01 -3.69324312e-01 -3.77180659e-01 -4.39378931e-01
 -4.38740429e-01 -4.37856228e-01 -4.52516937e-01 -4.65069081e-01
 -4.74235701e-01 -4.86985168e-01 -5.01125087e-01 -5.15266518e-01
 -5.28763864e-01 -5.42901827e-01 -5.49069530e-01 -5.53780411e-01
 -5.68836068e-01 -5.83261189e-01 -5.87656606e-01 -6.04421207e-01
 -6.13659413e-01 -6.20075659e-01 -6.32365719e-01 -6.47145454e-01
 -6.63249993e-01 -6.75588851e-01 -6.90170528e-01 -6.97556812e-01
 -7.06998490e-01 -7.17531273e-01 -7.28686958e-01 -7.42182986e-01
 -7.70201854e-01 -7.64415747e-01 -7.75161999e-01 -7.86248650e-01
 -8.00381833e-01 -8.14260590e-01 -8.28879233e-01 -8.40559590e-01
 -8.53818867e-01 -8.67416996e-01 -8.80961347e-01 -8.91924612e-01
 -9.06201019e-01 -9.20931744e-01 -9.34363911e-01 -9.47581579e-01
 -9.63135488e-01 -9.78059210e-01 -9.92960720e-01 -1.00840084e+00
 -1.02398420e+00 -1.03980285e+00 -1.05594947e+00 -1.07188270e+00
 -1.09034203e+00 -1.10867298e+00 -1.12657666e+00 -1.14580949e+00
 -1.16634778e+00 -1.17746791e+00 -1.20895039e+00 -1.20952445e+00
 -1.22611398e+00 -1.23873324e+00 -1.25737162e+00 -1.26388338e+00
 -1.27412325e+00 -1.28454050e+00 -1.29559890e+00 -1.30881800e+00
 -1.31800308e+00 -1.32914750e+00 -1.34031667e+00 -1.34878991e+00
 -1.35715736e+00 -1.36504018e+00 -1.37642492e+00 -1.38623167e+00
 -1.39194937e+00 -1.40103684e+00 -1.43823199e+00 -1.44817281e+00
 -1.46427991e+00 -1.45807630e+00 -1.47301927e+00 -1.47347929e+00
 -1.48632831e+00 -1.49322967e+00 -1.49584469e+00 -1.49737072e+00
 -1.50475602e+00 -1.50128379e+00 -1.51314941e+00 -1.52278089e+00
 -1.52857392e+00 -1.53944819e+00 -1.54794733e+00 -1.54772453e+00
 -1.55898892e+00 -1.56378256e+00 -1.59509375e+00 -1.60423331e+00
 -1.62345970e+00 -1.63297246e+00 -1.64024170e+00 -1.64899776e+00
 -1.65762044e+00 -1.66425992e+00 -1.67165905e+00 -1.67467674e+00
 -1.68056835e+00 -1.68913873e+00 -1.69276942e+00 -1.70100817e+00
 -1.70618492e+00 -1.72379977e+00 -3.81685403e+00 -2.20998377e+00
 -2.13056502e+00]
[4.8212556  2.65470113 2.63806219 2.63002372 2.50392581 2.48075421
 2.45892551 2.43693351 2.41877116 2.39615642 2.37519819 2.35107867
 2.32923276 2.30642882 2.28382498 2.25918711 2.10239335 2.08251183
 2.05697734 2.00161333 1.97630416 1.96183217 1.94322554 1.93195642
 1.90988279 1.90135998 1.8740108  1.86834969 1.8536786  1.83701703
 1.83201077 1.81341283 1.80538254 1.79251734 1.77929343 1.76131768
 1.7676757  1.73858748 1.73040579 1.7234471  1.71554155 1.69748161
 1.67891458 1.67886052 1.69313777 1.65908118 1.64281678 1.63967917
 1.6312302  1.61508529 1.61076419 1.59155481 1.57948133 1.59233959
 1.56936776 1.55151736 1.56339266 1.55226352 1.54528353 1.5465863
 1.53637756 1.52640721 1.51750288 1.50886244 1.49542503 1.48129178
 1.47075257 1.45956567 1.45122667 1.44226462 1.43623942 1.43593189
 1.41871757 1.41629679 1.41514467 1.40876352 1.41671403 1.41569319
 1.37326792 1.36408852 1.36570781 1.3609397  1.35162166 1.34352729
 1.31519165 1.32421698 1.32085116 1.30397943 1.29228243 1.2798604
 1.29255123 1.25982172 1.26519732 1.25893471 1.22401114 1.22135986
 1.21404145 1.20405781 1.21640906 1.18812549 1.16921408 1.15468346
 1.17240198 1.11193089 1.16409945 1.19166815 1.23325669 1.24054145
 2.86748763],[-1.80752722 -0.07037817 -0.06466426 -0.03157671  0.22349701  0.21562766
  0.21627492  0.21454657  0.26028362  0.25783693  0.29095926  0.24375559
  0.27312185  0.29610219  0.28168714  0.32383225  0.26707314  0.24933315
  0.26166817  0.40526958  0.40145754  0.35557434  0.32986285  0.28187969
  0.2730194   0.22396739  0.23250915  0.18147837  0.15761817  0.14008195
  0.09665748  0.08616881  0.05371837  0.03296135  0.01385949  0.0042826
 -0.0482341  -0.0373353  -0.06210233 -0.08769394 -0.11073146 -0.1181074
 -0.12502383 -0.15721887 -0.20657944 -0.19259929 -0.20192941 -0.22677314
 -0.24473727 -0.2539119  -0.27573634 -0.28179635 -0.29530497 -0.33239343
 -0.33505565 -0.34294707 -0.37655837 -0.38984378 -0.40643075 -0.42914926
 -0.44271998 -0.4564668  -0.47095125 -0.48557441 -0.49711189 -0.50843438
 -0.52211889 -0.53552383 -0.55059706 -0.56535253 -0.58161407 -0.60052553
 -0.61144794 -0.62921247 -0.64731813 -0.66314959 -0.68433154 -0.70179512
 -0.70526432 -0.7206181  -0.73931204 -0.75599228 -0.77150529 -0.78749589
 -0.79916502 -0.81929907 -0.83669124 -0.85184021 -0.86825768 -0.88490265
 -0.90474472 -0.91973074 -0.93877493 -0.95687781 -0.9739333  -0.99300005
 -1.01210556 -1.0314867  -1.05061961 -1.0711469  -1.09211326 -1.11343755
 -1.13219704 -1.15937449 -1.1738526  -1.1902696  -1.20345001 -1.22163898
 -3.70538038]
[4.13401477 3.70978874 3.67352982 2.13878733 2.11503556 1.87670697
 1.8632325  1.8498434  1.83584801 1.82315399 1.815178   1.79975574
 1.77853272 1.77614468 1.7558197  1.75938726 1.73029815 1.71034048
 1.71382482 1.71200412 1.68635738 1.67207656 1.68914704 1.64804969
 1.62671244 1.63512651 1.62737368 1.61668536 1.6273273  1.60366136
 1.56420239 1.55149692 1.54820902 1.54182404 1.52495569 1.51439166
 1.5173471  1.49636855 1.48609426 1.48290081 1.45238044 1.46638815
 1.45295625 1.43114828 1.43113261 1.41984636 1.39716578 1.3837013
 1.3538294  1.3698977  1.36565371 1.31906651 1.3106933  1.31476137
 1.27336466 1.24939294 1.28889675 1.2659018  4.24913517 4.33423715
 4.42087752 4.48171167],[-1.24484063  0.23355959  0.22555467  0.4411602   0.42344178  0.25738444
  0.22781706  0.19895529  0.17154201  0.14327719  0.11052389  0.0865659
  0.06884555  0.03251201  0.01433802 -0.02582878 -0.03572519 -0.05411737
 -0.09197414 -0.12441879 -0.13776106 -0.16004198 -0.20460267 -0.20751422
 -0.22484918 -0.26147213 -0.28709551 -0.31071594 -0.34628899 -0.3621776
 -0.37036808 -0.39311004 -0.42038969 -0.44592198 -0.49476575 -0.51825338
 -0.54683906 -0.56648025 -0.59018793 -0.61620844 -0.63396495 -0.66494048
 -0.68803907 -0.70938738 -0.73614361 -0.76040297 -0.78277332 -0.80732958
 -0.82976201 -0.85915913 -0.88555071 -0.9079147  -0.93482918 -0.96272095
 -0.98843325 -1.01600429 -1.04493125 -1.07302539 -4.0467486  -4.0920124
 -4.13429974 -4.12124973]
[4.11847043 4.1292995  4.12923774 4.12785373 4.13294336 4.091706
 4.0950521  4.21146555 4.36183316 4.16977226 4.20612836 4.20339416
 4.17223928 2.39286279 2.24657353 2.2139162  2.1520927  2.12759902
 2.07776618 1.56951451 1.54454205 1.52520132 1.52280163 1.51502465
 1.50168917 1.49513483 1.47750135 1.46848666 1.47287027 1.43834744
 1.42910526 1.41948218 1.38686268 1.37913249 1.38435311 1.36824061
 1.36222053 1.3664388  1.36742053 1.33876724 1.34770242 1.34058574
 1.31034721 1.30621646 1.2937253  1.29168613 1.27429144 1.25342496
 1.26002125 1.24822593 1.24198327 1.23430858 1.21620675 1.2136852 ],[-1.42876714 -1.41297279 -1.39410361 -1.37508654 -1.35773472 -1.33076662
 -1.31383296 -1.31617557 -1.31963449 -1.0146293  -0.17844286 -0.14689509
 -0.14122841  0.34564104  0.43007488  0.42403357  0.46516321  0.44290206
  0.45954652 -0.09529851 -0.15645286 -0.18262156 -0.21857639 -0.25096465
 -0.28009373 -0.31256283 -0.33936745 -0.37029651 -0.40692083 -0.42657978
 -0.45719948 -0.48757388 -0.50966063 -0.54101879 -0.57640491 -0.60482706
 -0.63634568 -0.67044783 -0.70330533 -0.72918433 -0.7636262  -0.79448309
 -0.82144216 -0.85327834 -0.88396212 -0.91616057 -0.94677209 -0.97759968
 -1.01083194 -1.04289955 -1.07548892 -1.10824587 -1.14131583 -1.17466464]
[4.15715737 4.07069773 4.06126879 4.05161712 3.7244795  3.66905719
 3.68036662 2.14946915 2.1286128  2.08834102 2.06291777 1.9924896
 1.93359692 1.92563852 1.87768909 1.83379529 1.9823535  1.94923226
 1.76024421 1.68822363 1.61607948 1.62243537 1.55704578 1.20629449
 1.19304871 1.20645039 1.20321753 1.21135558 1.20752035 1.20824408
 1.2155332  1.2195603  1.23018382 1.23156055 1.23256609 1.24713563
 1.24539712 1.27021619 1.24670467 1.24775324 1.24139563 1.25162988
 1.24645858 1.24787934 1.25089015 1.25150092 1.25867703 1.2565002
 1.26880551 1.28363432 1.28519896 1.27263886 1.2842735  1.28573093
 1.28102068 1.29632948 1.29484134 1.60683123 1.7161711  1.79935833
 1.86934938 1.97720368 1.99429599 2.04597277 2.10396636 2.1570972 ],[-1.10849091 -1.10481869 -1.09071414 -1.07689646 -0.36037847 -0.38603311
  0.16658823 -0.03815573 -0.05654064 -0.05404177 -0.06844695 -0.0380423
 -0.02228105 -0.05673567 -0.0542166  -0.05696211 -0.2232158  -0.23187458
 -0.11919952 -0.10454984 -0.09267332 -0.13876072 -0.1349295  -0.63115273
 -0.66507586 -0.70631081 -0.74251393 -0.78116014 -0.81664295 -0.85288925
 -0.89003279 -0.9261696  -0.96290387 -0.99793369 -1.03272379 -1.06856067
 -1.1026081  -1.13807103 -1.1708259  -1.20483224 -1.23876572 -1.27265942
 -1.30672432 -1.34067573 -1.37452923 -1.40856368 -1.44200068 -1.47643868
 -1.50908996 -1.54107409 -1.57502846 -1.6118545  -1.64427183 -1.67885098
 -1.71518246 -1.74666899 -1.78269591 -1.97816541 -1.95899371 -1.94891044
 -1.94270292 -1.91301502 -1.93113022 -1.92831466 -1.91968528 -1.91196497]
[4.12395753 3.58057758 2.47872081 2.45939176 2.43856008 2.41225489
 2.37312085 2.43895748 2.40746701 2.38204182 2.3464037  1.94264579
 1.88256774 1.85394926 1.82545815 1.76318752 1.75910398 1.77649195
 1.72060386 1.6541053  1.80268669 1.80555128 1.71223    1.50317074
 1.45207125 1.43498086 1.04510794 1.04396893 1.08103929 1.06751944
 1.08933627 1.10296201 1.11729142 1.12732187 1.11904225 1.15435282
 1.14434108 1.17394703 1.1781728  1.18201048 1.18346073 1.19649764
 1.20314176 1.21634856 1.22317148 1.24444997 1.25635988 1.2481324
 1.26415034 1.25818147 1.27044279 1.26965859 1.28016697 1.3153133
 1.90951175 1.99832991 2.06687552 2.11280576 2.14155525 2.22310901
 3.73095376],[-1.01993101 -0.24452364  0.28871223  0.26073388  0.23701447  0.22452362
  0.23521216  0.06113554  0.06238649  0.05274195  0.0585669  -0.19683826
 -0.18472206 -0.19970888 -0.21537255 -0.206948   -0.24182494 -0.2905511
 -0.28971158 -0.2841559  -0.41092479 -0.44533826 -0.42535594 -0.34710402
 -0.35847301 -0.38809286 -0.82759893 -0.86618617 -0.91071504 -0.94647544
 -0.98695009 -1.02560838 -1.06371036 -1.10088306 -1.13661055 -1.17418129
 -1.20957589 -1.24538665 -1.28054562 -1.31558828 -1.35065643 -1.38495188
 -1.41941718 -1.45307832 -1.48716751 -1.51916397 -1.55203227 -1.58816618
 -1.62015334 -1.65641511 -1.68898845 -1.72461358 -1.75757658 -1.81905446
 -2.21179176 -2.17816672 -2.1568123  -2.15130939 -2.15888223 -2.11834272
 -2.74162849]
[4.13478693 4.11419415 4.07576782 4.03659045 3.64455298 3.65222129
 3.6405845  2.5011225  2.47087139 2.44334215 2.46808906 2.43640957
 2.41956802 2.3816408  2.40529687 1.95929043 1.91099646 1.88966037
 1.86345953 1.84439498 1.82579687 1.73923587 1.71507698 1.70096569
 1.80605013 1.78052444 1.55844979 1.52867503 1.19128234 1.09279196
 1.05144739 1.08708399 1.08384525 1.08424011 1.10694051 1.11769843
 1.120324   1.14344044 1.12863676 1.14326347 1.15062806 1.16464431
 1.1663513  1.16069963 1.1906656  1.19827391 1.20250147 1.22233612
 1.21080021 1.22384678 1.25441687 1.24571472 1.25751585 1.25007223
 1.26502546 1.26180399 1.95963609 2.03675835 2.09354333 2.13059155
 2.18628076],[-1.13172348 -1.12138764 -1.11844291 -1.11711062 -0.41795556 -0.34462052
 -0.31673267  0.20176649  0.1924548   0.17718797  0.05887351  0.05598623
  0.02529944  0.03264154 -0.06475977 -0.21047954 -0.20751799 -0.2306955
 -0.2496373  -0.27492718 -0.30051896 -0.27268481 -0.29583184 -0.3265426
 -0.44083597 -0.46019863 -0.35170816 -0.37410233 -0.61311874 -0.82391184
 -0.85292215 -0.9024773  -0.94129132 -0.98068418 -1.02415757 -1.06440963
 -1.10272987 -1.14367193 -1.17886115 -1.21757408 -1.25498034 -1.29249325
 -1.32874965 -1.3646035  -1.40131124 -1.43689675 -1.4722651  -1.50699531
 -1.54264433 -1.57709642 -1.60968124 -1.64533112 -1.67894364 -1.71494473
 -1.74788565 -1.78364486 -2.19986785 -2.18229476 -2.17475531 -2.17828585
 -2.16760233]
[4.47558175 4.50584008 4.53136431 3.69229037 2.79766227 2.77757109
 2.73997935 2.70160942 2.63871459 2.66040303 2.64018412 2.59784287
 1.86846772 1.83933465 1.6506825  1.6126078  1.51630192 1.45745617
 1.26710275 1.20348591 1.1220462  1.13185944 1.12919637 1.11886169
 1.11029591 1.19253676 1.16230746 1.20587965 1.18263854 1.17834012
 1.18876514 1.18527623 1.18821829 1.19958084 1.19952563 1.18687234
 1.19214771 1.2030589  1.20899156 1.21764681 1.21045884 1.21372898
 1.23050869 1.20857157 2.75856629 2.7855087  2.82314017 2.85421323
 2.88201991 2.92126875 2.95015574 2.98107711 3.0128076  3.04043793
 3.07261994],[-3.53779888 -3.52330048 -3.50289429 -0.28581063 -0.03375302 -0.10188442
 -0.1008266  -0.09856542 -0.02186405 -0.20222921 -0.24857208 -0.23337613
 -0.36849289 -0.39459569 -0.42663447 -0.44672577 -0.47061101 -0.47513344
 -0.65474562 -0.66419092 -0.71770084 -0.77616911 -0.825846   -0.87034868
 -0.91529681 -1.00618878 -1.03751501 -1.10393509 -1.13787494 -1.18017547
 -1.22797962 -1.26937906 -1.3126994  -1.35828429 -1.39919402 -1.43576453
 -1.47756014 -1.5202745  -1.56095818 -1.60171414 -1.63844139 -1.6771974
 -1.71798259 -1.75172604 -3.76164396 -3.77858591 -3.75954696 -3.76095797
 -3.77440363 -3.73966279 -3.74612238 -3.74226408 -3.73192763 -3.74370271
 -3.72531163]
[3.71622926 2.7799978  2.73084376 2.65780776 2.61983896 1.3027642
 1.15679636 1.15840641 1.13705969 1.14499106 1.13236469 1.14921213
 1.15849701 1.15497199 1.11765502 1.15181479 1.12206314 1.1605096
 1.13009364 1.14596292 2.9293954  2.94895333 2.96354229 2.98309819
 3.00692404 3.02866491 3.04407026],[-0.32628142 -0.05382721 -0.05013313 -0.14512434 -0.18031079 -0.57973135
 -0.65295584 -0.72480621 -0.77418776 -0.84763999 -0.90185121 -0.97824561
 -1.0462216  -1.10268447 -1.13391466 -1.2144245  -1.24988177 -1.32867254
 -1.36254957 -1.42381102 -3.67017411 -3.67045735 -3.68348636 -3.68308687
 -3.66901464 -3.65919066 -3.66906402]
[4.19697918 4.2066102  4.12450976 4.07480052 4.0282596  4.00195891
 2.49362928 1.83165844 1.83084953],[-1.22212369 -1.14453863 -1.23050004 -1.26295104 -1.29309764 -1.28471129
  0.12679957 -0.15214406 -0.24943944]
[4.20333369 4.20832862 4.12999268 4.10273618 4.0338224  4.01033208
 2.61103395 2.56214732 1.816424  ],[-1.21107928 -1.14121216 -1.2201166  -1.20901452 -1.28163348 -1.26683228
  0.0813246   0.07030697 -0.22675821]

