rlp
[[  6.96507960e+03   1.50103634e+09]
 [  6.96700000e+03   1.50103665e+09]
 [  6.96700000e+03   1.50103665e+09]
 [  6.96682974e+03   1.50103665e+09]
 [  6.96700000e+03   1.50103665e+09]
 [  6.96922153e+03   1.50103665e+09]
 [  6.96700000e+03   1.50103665e+09]
 [  6.96531828e+03   1.50103666e+09]
 [  6.96987071e+03   1.50103665e+09]
 [  6.96555091e+03   1.50103665e+09]
 [  6.96700000e+03   1.50103665e+09]
 [  6.97073437e+03   1.50103665e+09]
 [  6.96544344e+03   1.50103665e+09]
 [  6.96507628e+03   1.50103666e+09]
 [  6.96700000e+03   1.50103665e+09]
 [  6.96320315e+03   1.50103665e+09]
 [  6.96700000e+03   1.50103665e+09]
 [  6.97367273e+03   1.50103665e+09]
 [  6.96700000e+03   1.50103665e+09]
 [  6.96583204e+03   1.50103666e+09]
 [  6.96700000e+03   1.50103665e+09]
 [  6.95920345e+03   1.50103665e+09]
 [  6.96700000e+03   1.50103665e+09]
 [  6.97776017e+03   1.50103665e+09]
 [  6.96700000e+03   1.50103665e+09]
 [  6.96892804e+03   1.50103667e+09]
 [  6.96700000e+03   1.50103665e+09]
 [  6.95253761e+03   1.50103665e+09]
 [  6.96700000e+03   1.50103665e+09]
 [  6.97770854e+03   1.50103664e+09]
 [  6.96700000e+03   1.50103665e+09]
 [  6.97413130e+03   1.50103667e+09]
 [  6.96700000e+03   1.50103665e+09]
 [  6.94842237e+03   1.50103665e+09]
 [  6.96700000e+03   1.50103665e+09]
 [  6.97533929e+03   1.50103664e+09]
 [  6.96700000e+03   1.50103665e+09]
 [  6.97988431e+03   1.50103667e+09]
 [  6.96823992e+03   1.50103665e+09]
 [  6.94690063e+03   1.50103666e+09]
 [  6.96700000e+03   1.50103665e+09]
 [  6.97020972e+03   1.50103663e+09]
 [  6.96335852e+03   1.50103666e+09]
 [  6.98542655e+03   1.50103667e+09]
 [  6.96700000e+03   1.50103665e+09]
 [  6.94807397e+03   1.50103667e+09]
 [  6.97036274e+03   1.50103666e+09]
 [  6.96398810e+03   1.50103663e+09]
 [  6.96700000e+03   1.50103665e+09]
 [  6.98944161e+03   1.50103666e+09]
 [  6.96606186e+03   1.50103665e+09]
 [  6.95077554e+03   1.50103667e+09]
 [  6.96700000e+03   1.50103665e+09]
 [  6.95709792e+03   1.50103663e+09]
 [  6.96517409e+03   1.50103666e+09]
 [  6.99254366e+03   1.50103665e+09]
 [  6.96700000e+03   1.50103665e+09]
 [  6.95588561e+03   1.50103668e+09]
 [  6.97011524e+03   1.50103665e+09]
 [  6.94986989e+03   1.50103663e+09]
 [  6.96700000e+03   1.50103665e+09]
 [  6.99301132e+03   1.50103665e+09]
 [  6.96477965e+03   1.50103665e+09]
 [  6.96244231e+03   1.50103668e+09]
 [  6.96961052e+03   1.50103665e+09]
 [  6.94257108e+03   1.50103664e+09]
 [  6.96694483e+03   1.50103666e+09]
 [  6.99307489e+03   1.50103664e+09]
 [  6.96466825e+03   1.50103665e+09]
 [  6.97083973e+03   1.50103669e+09]
 [  6.96892950e+03   1.50103665e+09]
 [  6.93564201e+03   1.50103664e+09]
 [  6.96762562e+03   1.50103666e+09]
 [  6.98999127e+03   1.50103663e+09]
 [  6.96472486e+03   1.50103665e+09]
 [  6.98091337e+03   1.50103669e+09]
 [  6.96824876e+03   1.50103665e+09]
 [  6.93049562e+03   1.50103665e+09]
 [  6.96811750e+03   1.50103666e+09]
 [  6.98352799e+03   1.50103662e+09]
 [  6.96494212e+03   1.50103665e+09]
 [  6.99165367e+03   1.50103668e+09]
 [  6.96762144e+03   1.50103665e+09]
 [  6.92831292e+03   1.50103666e+09]
 [  6.96844971e+03   1.50103666e+09]
 [  6.97401941e+03   1.50103661e+09]
 [  6.96524998e+03   1.50103665e+09]
 [  7.00203788e+03   1.50103668e+09]
 [  6.96705386e+03   1.50103665e+09]
 [  6.92963144e+03   1.50103668e+09]
 [  6.96861685e+03   1.50103665e+09]
 [  6.96197974e+03   1.50103661e+09]
 [  6.96563655e+03   1.50103666e+09]
 [  7.01065121e+03   1.50103667e+09]
 [  6.96656784e+03   1.50103665e+09]
 [  6.93503625e+03   1.50103669e+09]
 [  6.96865920e+03   1.50103665e+09]
 [  6.94840775e+03   1.50103661e+09]
 [  6.96606118e+03   1.50103666e+09]
 [  7.01637825e+03   1.50103666e+09]
 [  6.96617258e+03   1.50103665e+09]
 [  6.94436847e+03   1.50103670e+09]
 [  6.96857577e+03   1.50103665e+09]
 [  6.93444150e+03   1.50103661e+09]
 [  6.96650964e+03   1.50103666e+09]
 [  7.01837339e+03   1.50103664e+09]
 [  6.96588172e+03   1.50103665e+09]
 [  6.95732002e+03   1.50103671e+09]
 [  6.96838856e+03   1.50103665e+09]
 [  6.92161428e+03   1.50103662e+09]
 [  6.96694376e+03   1.50103666e+09]
 [  7.01577800e+03   1.50103663e+09]
 [  6.96570008e+03   1.50103665e+09]
 [  6.97297143e+03   1.50103671e+09]
 [  6.96811701e+03   1.50103665e+09]
 [  6.91116052e+03   1.50103664e+09]
 [  6.96734169e+03   1.50103666e+09]
 [  7.00817621e+03   1.50103661e+09]
 [  6.96563447e+03   1.50103665e+09]
 [  6.99010036e+03   1.50103671e+09]
 [  6.96778736e+03   1.50103665e+09]
 [  6.90463443e+03   1.50103665e+09]
 [  6.96768302e+03   1.50103666e+09]
 [  6.99588950e+03   1.50103660e+09]
 [  6.96567056e+03   1.50103665e+09]
 [  7.00719413e+03   1.50103670e+09]
 [  6.96742818e+03   1.50103665e+09]
 [  6.90300890e+03   1.50103667e+09]
 [  6.96794509e+03   1.50103665e+09]
 [  6.97956697e+03   1.50103659e+09]
 [  6.96580034e+03   1.50103665e+09]
 [  7.02271426e+03   1.50103669e+09]
 [  6.96705993e+03   1.50103665e+09]
 [  6.90682110e+03   1.50103669e+09]
 [  6.96812609e+03   1.50103665e+09]
 [  6.96032032e+03   1.50103658e+09]
 [  6.96601279e+03   1.50103665e+09]
 [  7.03471361e+03   1.50103668e+09]
 [  6.96670857e+03   1.50103665e+09]
 [  6.91652260e+03   1.50103671e+09]
 [  6.96820816e+03   1.50103665e+09]
 [  6.93964684e+03   1.50103659e+09]
 [  6.96628785e+03   1.50103665e+09]
 [  7.04219769e+03   1.50103666e+09]
 [  6.96639736e+03   1.50103665e+09]
 [  6.93165873e+03   1.50103672e+09]
 [  6.96820010e+03   1.50103665e+09]
 [  6.91934247e+03   1.50103659e+09]
 [  6.96660167e+03   1.50103666e+09]
 [  7.04367342e+03   1.50103664e+09]
 [  6.96614416e+03   1.50103665e+09]
 [  6.95132593e+03   1.50103673e+09]
 [  6.96810333e+03   1.50103665e+09]
 [  6.90131008e+03   1.50103661e+09]
 [  6.96693429e+03   1.50103666e+09]
 [  7.03870267e+03   1.50103661e+09]
 [  6.96596049e+03   1.50103665e+09]
 [  6.97415111e+03   1.50103674e+09]
 [  6.96792512e+03   1.50103665e+09]
 [  6.88735928e+03   1.50103663e+09]
 [  6.96726222e+03   1.50103666e+09]
 [  7.02693946e+03   1.50103659e+09]
 [  6.96586158e+03   1.50103665e+09]
 [  6.99839171e+03   1.50103674e+09]
 [  6.96768315e+03   1.50103665e+09]
 [  6.87909697e+03   1.50103665e+09]
 [  6.96756494e+03   1.50103666e+09]
 [  7.00894834e+03   1.50103658e+09]
 [  6.96584982e+03   1.50103665e+09]
 [  7.02186121e+03   1.50103673e+09]
 [  6.96739230e+03   1.50103665e+09]
 [  6.87771984e+03   1.50103667e+09]
 [  6.96781854e+03   1.50103665e+09]
 [  6.98600985e+03   1.50103656e+09]
 [  6.96592933e+03   1.50103665e+09]
 [  7.04255311e+03   1.50103671e+09]
 [  6.96707419e+03   1.50103665e+09]
 [  6.88388542e+03   1.50103670e+09]
 [  6.96801085e+03   1.50103665e+09]
 [  6.95960197e+03   1.50103656e+09]
 [  6.96608216e+03   1.50103665e+09]
 [  7.05838217e+03   1.50103669e+09]
 [  6.96675086e+03   1.50103665e+09]
 [  6.89761584e+03   1.50103672e+09]
 [  6.96812654e+03   1.50103665e+09]
 [  6.93187310e+03   1.50103656e+09]
 [  6.96630979e+03   1.50103665e+09]
 [  7.06772844e+03   1.50103666e+09]
 [  6.96644401e+03   1.50103665e+09]
 [  6.91819595e+03   1.50103674e+09]
 [  6.96815595e+03   1.50103665e+09]
 [  6.90511914e+03   1.50103657e+09]
 [  6.96659430e+03   1.50103666e+09]
 [  7.06894503e+03   1.50103663e+09]
 [  6.96617589e+03   1.50103665e+09]
 [  6.94448902e+03   1.50103676e+09]
 [  6.96809487e+03   1.50103665e+09]
 [  6.88173606e+03   1.50103659e+09]
 [  6.96691353e+03   1.50103666e+09]
 [  7.06175256e+03   1.50103660e+09]
 [  6.96596597e+03   1.50103665e+09]
 [  6.97441774e+03   1.50103676e+09]
 [  6.96795365e+03   1.50103665e+09]
 [  6.86397628e+03   1.50103662e+09]
 [  6.96724815e+03   1.50103666e+09]
 [  7.04608233e+03   1.50103658e+09]
 [  6.96582781e+03   1.50103665e+09]
 [  7.00569824e+03   1.50103676e+09]
 [  6.96772980e+03   1.50103665e+09]
 [  6.85373548e+03   1.50103665e+09]
 [  6.96757539e+03   1.50103666e+09]
 [  7.02274246e+03   1.50103655e+09]
 [  6.96577748e+03   1.50103665e+09]
 [  7.03572411e+03   1.50103675e+09]
 [  6.96744070e+03   1.50103665e+09]
 [  6.85236479e+03   1.50103668e+09]
 [  6.96787141e+03   1.50103665e+09]
 [  6.99322915e+03   1.50103654e+09]
 [  6.96581599e+03   1.50103665e+09]
 [  7.06173230e+03   1.50103673e+09]
 [  6.96710435e+03   1.50103665e+09]
 [  6.86053789e+03   1.50103671e+09]
 [  6.96811616e+03   1.50103665e+09]
 [  6.95978954e+03   1.50103653e+09]
 [  6.96595366e+03   1.50103665e+09]
 [  7.08156282e+03   1.50103670e+09]
 [  6.96673843e+03   1.50103665e+09]
 [  6.87819006e+03   1.50103674e+09]
 [  6.96829061e+03   1.50103665e+09]
 [  6.92500369e+03   1.50103654e+09]
 [  6.96618286e+03   1.50103666e+09]
 [  7.09274442e+03   1.50103666e+09]
 [  6.96637082e+03   1.50103665e+09]
 [  6.90415823e+03   1.50103676e+09]
 [  6.96836894e+03   1.50103665e+09]
 [  6.89172976e+03   1.50103655e+09]
 [  6.96649135e+03   1.50103666e+09]
 [  7.09419379e+03   1.50103663e+09]
 [  6.96602125e+03   1.50103665e+09]
 [  6.93681856e+03   1.50103678e+09]
 [  6.96835002e+03   1.50103665e+09]
 [  6.86288043e+03   1.50103657e+09]
 [  6.96686771e+03   1.50103666e+09]
 [  7.08503501e+03   1.50103659e+09]
 [  6.96571937e+03   1.50103665e+09]
 [  6.97376390e+03   1.50103679e+09]
 [  6.96821813e+03   1.50103665e+09]
 [  6.84123581e+03   1.50103660e+09]
 [  6.96729064e+03   1.50103666e+09]
 [  7.06568697e+03   1.50103656e+09]
 [  6.96549242e+03   1.50103665e+09]
 [  7.01208117e+03   1.50103678e+09]
 [  6.96797359e+03   1.50103665e+09]
 [  6.82880587e+03   1.50103664e+09]
 [  6.96774163e+03   1.50103666e+09]
 [  7.03713759e+03   1.50103653e+09]
 [  6.96536373e+03   1.50103665e+09]
 [  7.04856671e+03   1.50103677e+09]
 [  6.96762628e+03   1.50103665e+09]
 [  6.82732216e+03   1.50103668e+09]
 [  6.96817330e+03   1.50103666e+09]
 [  7.00129422e+03   1.50103651e+09]
 [  6.96534680e+03   1.50103665e+09]
 [  7.08017621e+03   1.50103674e+09]
 [  6.96717824e+03   1.50103665e+09]
 [  6.83720220e+03   1.50103672e+09]
 [  6.96858915e+03   1.50103665e+09]
 [  6.96089934e+03   1.50103651e+09]
 [  6.96546734e+03   1.50103666e+09]
 [  7.10386009e+03   1.50103671e+09]
 [  6.96664847e+03   1.50103665e+09]
 [  6.85839301e+03   1.50103676e+09]
 [  6.96893395e+03   1.50103665e+09]
 [  6.91909341e+03   1.50103651e+09]
 [  6.96571919e+03   1.50103666e+09]
 [  7.11748839e+03   1.50103667e+09]
 [  6.96604679e+03   1.50103665e+09]
 [  6.88944198e+03   1.50103679e+09]
 [  6.96917450e+03   1.50103665e+09]
 [  6.87924354e+03   1.50103653e+09]
 [  6.96613915e+03   1.50103666e+09]
 [  7.11920791e+03   1.50103663e+09]
 [  6.96540985e+03   1.50103665e+09]
 [  6.92837317e+03   1.50103680e+09]
 [  6.96931019e+03   1.50103665e+09]
 [  6.84488851e+03   1.50103656e+09]
 [  6.96672694e+03   1.50103666e+09]
 [  7.10859514e+03   1.50103658e+09]
 [  6.96475365e+03   1.50103665e+09]
 [  6.97221213e+03   1.50103681e+09]
 [  6.96924362e+03   1.50103665e+09]
 [  6.81906621e+03   1.50103659e+09]
 [  6.96754596e+03   1.50103666e+09]
 [  7.08573942e+03   1.50103654e+09]
 [  6.96383952e+03   1.50103665e+09]
 [  7.01754794e+03   1.50103681e+09]
 [  6.96915566e+03   1.50103665e+09]
 [  6.80083822e+03   1.50103664e+09]
 [  6.96884014e+03   1.50103666e+09]
 [  7.05394486e+03   1.50103651e+09]
 [  6.96279668e+03   1.50103665e+09]
 [  7.06390972e+03   1.50103680e+09]
 [  6.96700000e+03   1.50103665e+09]
 [  6.79645994e+03   1.50103668e+09]
 [  6.96700000e+03   1.50103665e+09]
 [  7.01164523e+03   1.50103649e+09]
 [  6.96052816e+03   1.50103666e+09]
 [  7.10150560e+03   1.50103676e+09]
 [  6.96700000e+03   1.50103665e+09]
 [  6.80725387e+03   1.50103673e+09]
 [  6.96700000e+03   1.50103665e+09]
 [  6.96273221e+03   1.50103648e+09]
 [  6.96700000e+03   1.50103665e+09]
 [  7.13241459e+03   1.50103672e+09]
 [  6.96700000e+03   1.50103665e+09]
 [  6.83276566e+03   1.50103678e+09]
 [  6.96700000e+03   1.50103665e+09]
 [  6.91154637e+03   1.50103648e+09]
 [  6.96700000e+03   1.50103665e+09]
 [  7.15026522e+03   1.50103668e+09]
 [  6.96700000e+03   1.50103665e+09]
 [  6.86967183e+03   1.50103681e+09]
 [  6.96700000e+03   1.50103665e+09]
 [  6.86294964e+03   1.50103650e+09]
 [  6.96700000e+03   1.50103665e+09]
 [  7.15269103e+03   1.50103662e+09]
 [  6.96700000e+03   1.50103665e+09]
 [  6.91684688e+03   1.50103684e+09]
 [  6.96700000e+03   1.50103665e+09]
 [  6.82102394e+03   1.50103653e+09]
 [  6.96700000e+03   1.50103665e+09]
 [  7.14001262e+03   1.50103657e+09]
 [  6.96700000e+03   1.50103665e+09]
 [  6.96989450e+03   1.50103685e+09]
 [  6.96700000e+03   1.50103665e+09]
 [  6.78947534e+03   1.50103658e+09]
 [  6.96700000e+03   1.50103665e+09]
 [  7.11271616e+03   1.50103652e+09]
 [  6.96700000e+03   1.50103665e+09]
 [  7.02465855e+03   1.50103684e+09]
 [  6.96700000e+03   1.50103665e+09]
 [  6.77128548e+03   1.50103663e+09]
 [  6.96700000e+03   1.50103665e+09]
 [  7.07251653e+03   1.50103649e+09]
 [  6.96700000e+03   1.50103665e+09]
 [  7.07669060e+03   1.50103682e+09]
 [  6.96700000e+03   1.50103665e+09]
 [  6.76843080e+03   1.50103668e+09]
 [  6.96700000e+03   1.50103665e+09]
 [  7.02201026e+03   1.50103646e+09]
 [  6.96343076e+03   1.50103666e+09]
 [  7.12073233e+03   1.50103679e+09]
 [  6.96700000e+03   1.50103665e+09]
 [  6.78356073e+03   1.50103674e+09]
 [  6.96995760e+03   1.50103666e+09]
 [  6.96574722e+03   1.50103645e+09]
 [  6.96700000e+03   1.50103665e+09]
 [  7.15253231e+03   1.50103674e+09]
 [  6.96651579e+03   1.50103665e+09]
 [  6.81315496e+03   1.50103679e+09]
 [  6.96700000e+03   1.50103665e+09]]
-----------
glp
[[  6.83562454e+03   1.50103693e+09]
 [  6.96800000e+03   1.50103665e+09]
 [  6.96800000e+03   1.50103665e+09]
 [  6.96765875e+03   1.50103666e+09]
 [  6.96800000e+03   1.50103665e+09]
 [  6.96627494e+03   1.50103665e+09]
 [  6.96800000e+03   1.50103665e+09]
 [  6.97117739e+03   1.50103665e+09]
 [  6.96800000e+03   1.50103665e+09]
 [  6.96794050e+03   1.50103666e+09]
 [  6.97045545e+03   1.50103665e+09]
 [  6.96381255e+03   1.50103665e+09]
 [  6.96800000e+03   1.50103665e+09]
 [  6.97168126e+03   1.50103665e+09]
 [  6.96524063e+03   1.50103665e+09]
 [  6.96952816e+03   1.50103666e+09]
 [  6.96800000e+03   1.50103665e+09]
 [  6.96113841e+03   1.50103665e+09]
 [  6.96800000e+03   1.50103665e+09]
 [  6.97253147e+03   1.50103665e+09]
 [  6.96800000e+03   1.50103665e+09]
 [  6.97285085e+03   1.50103666e+09]
 [  6.96800000e+03   1.50103665e+09]
 [  6.95763850e+03   1.50103666e+09]
 [  6.96800000e+03   1.50103665e+09]
 [  6.97222645e+03   1.50103664e+09]
 [  6.96800000e+03   1.50103665e+09]
 [  6.97917014e+03   1.50103666e+09]
 [  6.96800000e+03   1.50103665e+09]
 [  6.95305780e+03   1.50103666e+09]
 [  6.96800000e+03   1.50103665e+09]
 [  6.96843973e+03   1.50103664e+09]
 [  6.96800000e+03   1.50103665e+09]
 [  6.98469232e+03   1.50103666e+09]
 [  6.96800000e+03   1.50103665e+09]
 [  6.95274385e+03   1.50103667e+09]
 [  6.96800000e+03   1.50103665e+09]
 [  6.96269534e+03   1.50103663e+09]
 [  6.96522507e+03   1.50103666e+09]
 [  6.98858490e+03   1.50103666e+09]
 [  6.96800000e+03   1.50103665e+09]
 [  6.95553370e+03   1.50103667e+09]
 [  6.96800000e+03   1.50103665e+09]
 [  6.95662793e+03   1.50103664e+09]
 [  6.96630746e+03   1.50103666e+09]
 [  6.99107358e+03   1.50103665e+09]
 [  6.96800000e+03   1.50103665e+09]
 [  6.96075076e+03   1.50103668e+09]
 [  6.97145978e+03   1.50103665e+09]
 [  6.95010714e+03   1.50103664e+09]
 [  6.96800000e+03   1.50103665e+09]
 [  6.99052612e+03   1.50103664e+09]
 [  6.96522636e+03   1.50103665e+09]
 [  6.96712859e+03   1.50103668e+09]
 [  6.96800000e+03   1.50103665e+09]
 [  6.94513247e+03   1.50103664e+09]
 [  6.96834230e+03   1.50103666e+09]
 [  6.98879258e+03   1.50103664e+09]
 [  6.96800000e+03   1.50103665e+09]
 [  6.97458622e+03   1.50103668e+09]
 [  6.97007494e+03   1.50103665e+09]
 [  6.94059138e+03   1.50103665e+09]
 [  6.96800000e+03   1.50103665e+09]
 [  6.98403404e+03   1.50103663e+09]
 [  6.96511514e+03   1.50103665e+09]
 [  6.98280406e+03   1.50103668e+09]
 [  6.96924306e+03   1.50103665e+09]
 [  6.93783279e+03   1.50103666e+09]
 [  6.96964173e+03   1.50103666e+09]
 [  6.97809266e+03   1.50103662e+09]
 [  6.96553660e+03   1.50103665e+09]
 [  6.99177466e+03   1.50103668e+09]
 [  6.96844888e+03   1.50103665e+09]
 [  6.93656255e+03   1.50103667e+09]
 [  6.96991537e+03   1.50103666e+09]
 [  6.96950813e+03   1.50103662e+09]
 [  6.96604758e+03   1.50103666e+09]
 [  7.00029751e+03   1.50103667e+09]
 [  6.96778584e+03   1.50103665e+09]
 [  6.93865445e+03   1.50103668e+09]
 [  6.97000332e+03   1.50103665e+09]
 [  6.95881802e+03   1.50103662e+09]
 [  6.96659079e+03   1.50103666e+09]
 [  7.00716503e+03   1.50103666e+09]
 [  6.96726635e+03   1.50103665e+09]
 [  6.94429235e+03   1.50103669e+09]
 [  6.96991784e+03   1.50103665e+09]
 [  6.94696811e+03   1.50103662e+09]
 [  6.96714579e+03   1.50103666e+09]
 [  7.01116717e+03   1.50103665e+09]
 [  6.96687696e+03   1.50103665e+09]
 [  6.95336443e+03   1.50103670e+09]
 [  6.96972589e+03   1.50103665e+09]
 [  6.93501682e+03   1.50103662e+09]
 [  6.96766633e+03   1.50103666e+09]
 [  7.01154749e+03   1.50103664e+09]
 [  6.96661818e+03   1.50103665e+09]
 [  6.96550729e+03   1.50103670e+09]
 [  6.96944490e+03   1.50103665e+09]
 [  6.92440803e+03   1.50103663e+09]
 [  6.96814622e+03   1.50103666e+09]
 [  7.00783994e+03   1.50103662e+09]
 [  6.96649600e+03   1.50103665e+09]
 [  6.97983797e+03   1.50103670e+09]
 [  6.96908722e+03   1.50103665e+09]
 [  6.91624836e+03   1.50103664e+09]
 [  6.96855931e+03   1.50103666e+09]
 [  6.99964793e+03   1.50103661e+09]
 [  6.96649239e+03   1.50103665e+09]
 [  6.99511408e+03   1.50103670e+09]
 [  6.96869431e+03   1.50103665e+09]
 [  6.91195474e+03   1.50103666e+09]
 [  6.96889192e+03   1.50103666e+09]
 [  6.98735283e+03   1.50103660e+09]
 [  6.96659595e+03   1.50103665e+09]
 [  7.00992886e+03   1.50103669e+09]
 [  6.96828486e+03   1.50103665e+09]
 [  6.91215974e+03   1.50103668e+09]
 [  6.96912761e+03   1.50103665e+09]
 [  6.97169961e+03   1.50103659e+09]
 [  6.96680181e+03   1.50103665e+09]
 [  7.02285997e+03   1.50103668e+09]
 [  6.96789031e+03   1.50103665e+09]
 [  6.91765144e+03   1.50103669e+09]
 [  6.96926237e+03   1.50103665e+09]
 [  6.95376598e+03   1.50103659e+09]
 [  6.96706982e+03   1.50103665e+09]
 [  7.03225885e+03   1.50103667e+09]
 [  6.96753385e+03   1.50103665e+09]
 [  6.92832030e+03   1.50103671e+09]
 [  6.96929425e+03   1.50103665e+09]
 [  6.93501408e+03   1.50103659e+09]
 [  6.96739038e+03   1.50103666e+09]
 [  7.03704749e+03   1.50103665e+09]
 [  6.96723596e+03   1.50103665e+09]
 [  6.94367344e+03   1.50103672e+09]
 [  6.96922527e+03   1.50103665e+09]
 [  6.91721048e+03   1.50103660e+09]
 [  6.96773974e+03   1.50103666e+09]
 [  7.03596306e+03   1.50103663e+09]
 [  6.96701125e+03   1.50103665e+09]
 [  6.96286707e+03   1.50103673e+09]
 [  6.96907341e+03   1.50103665e+09]
 [  6.90209437e+03   1.50103662e+09]
 [  6.96808742e+03   1.50103666e+09]
 [  7.02899149e+03   1.50103661e+09]
 [  6.96687103e+03   1.50103665e+09]
 [  6.98440666e+03   1.50103673e+09]
 [  6.96884791e+03   1.50103665e+09]
 [  6.89128595e+03   1.50103664e+09]
 [  6.96841461e+03   1.50103666e+09]
 [  7.01589174e+03   1.50103659e+09]
 [  6.96681924e+03   1.50103665e+09]
 [  7.00659435e+03   1.50103673e+09]
 [  6.96856947e+03   1.50103665e+09]
 [  6.88606282e+03   1.50103666e+09]
 [  6.96869964e+03   1.50103665e+09]
 [  6.99746487e+03   1.50103658e+09]
 [  6.96685943e+03   1.50103665e+09]
 [  7.02730822e+03   1.50103671e+09]
 [  6.96825442e+03   1.50103665e+09]
 [  6.88760525e+03   1.50103668e+09]
 [  6.96892404e+03   1.50103665e+09]
 [  6.97478342e+03   1.50103657e+09]
 [  6.96698046e+03   1.50103665e+09]
 [  7.04483710e+03   1.50103670e+09]
 [  6.96792709e+03   1.50103665e+09]
 [  6.89622108e+03   1.50103671e+09]
 [  6.96907290e+03   1.50103665e+09]
 [  6.94967016e+03   1.50103657e+09]
 [  6.96718033e+03   1.50103665e+09]
 [  7.05711460e+03   1.50103667e+09]
 [  6.96761091e+03   1.50103665e+09]
 [  6.91171781e+03   1.50103673e+09]
 [  6.96914307e+03   1.50103665e+09]
 [  6.92405930e+03   1.50103657e+09]
 [  6.96743806e+03   1.50103665e+09]
 [  7.06271107e+03   1.50103665e+09]
 [  6.96732404e+03   1.50103665e+09]
 [  6.93323683e+03   1.50103674e+09]
 [  6.96912503e+03   1.50103665e+09]
 [  6.90034906e+03   1.50103658e+09]
 [  6.96773960e+03   1.50103666e+09]
 [  7.06053116e+03   1.50103662e+09]
 [  6.96709091e+03   1.50103665e+09]
 [  6.95933207e+03   1.50103675e+09]
 [  6.96901991e+03   1.50103665e+09]
 [  6.88047075e+03   1.50103660e+09]
 [  6.96806265e+03   1.50103666e+09]
 [  7.05055603e+03   1.50103659e+09]
 [  6.96692240e+03   1.50103665e+09]
 [  6.98802457e+03   1.50103675e+09]
 [  6.96883467e+03   1.50103665e+09]
 [  6.86669452e+03   1.50103663e+09]
 [  6.96838450e+03   1.50103666e+09]
 [  7.03275292e+03   1.50103657e+09]
 [  6.96683790e+03   1.50103665e+09]
 [  7.01701251e+03   1.50103675e+09]
 [  6.96858222e+03   1.50103665e+09]
 [  6.86066499e+03   1.50103666e+09]
 [  6.96868633e+03   1.50103665e+09]
 [  7.00826307e+03   1.50103655e+09]
 [  6.96683765e+03   1.50103665e+09]
 [  7.04381573e+03   1.50103673e+09]
 [  6.96828041e+03   1.50103665e+09]
 [  6.86316182e+03   1.50103669e+09]
 [  6.96894134e+03   1.50103665e+09]
 [  6.97875308e+03   1.50103654e+09]
 [  6.96692825e+03   1.50103665e+09]
 [  7.06598201e+03   1.50103671e+09]
 [  6.96794481e+03   1.50103665e+09]
 [  6.87464291e+03   1.50103672e+09]
 [  6.96913315e+03   1.50103665e+09]
 [  6.94650332e+03   1.50103654e+09]
 [  6.96710668e+03   1.50103665e+09]
 [  7.08119386e+03   1.50103668e+09]
 [  6.96760003e+03   1.50103665e+09]
 [  6.89475908e+03   1.50103675e+09]
 [  6.96924369e+03   1.50103665e+09]
 [  6.91406132e+03   1.50103655e+09]
 [  6.96736183e+03   1.50103666e+09]
 [  7.08796166e+03   1.50103665e+09]
 [  6.96726648e+03   1.50103665e+09]
 [  6.92212552e+03   1.50103677e+09]
 [  6.96926755e+03   1.50103665e+09]
 [  6.88427344e+03   1.50103656e+09]
 [  6.96768227e+03   1.50103666e+09]
 [  7.08509279e+03   1.50103661e+09]
 [  6.96697397e+03   1.50103665e+09]
 [  6.95494080e+03   1.50103678e+09]
 [  6.96919094e+03   1.50103665e+09]
 [  6.85967179e+03   1.50103659e+09]
 [  6.96804930e+03   1.50103666e+09]
 [  7.07229284e+03   1.50103658e+09]
 [  6.96674159e+03   1.50103665e+09]
 [  6.99072676e+03   1.50103678e+09]
 [  6.96900916e+03   1.50103665e+09]
 [  6.84270734e+03   1.50103662e+09]
 [  6.96843988e+03   1.50103666e+09]
 [  7.05007274e+03   1.50103655e+09]
 [  6.96658749e+03   1.50103665e+09]
 [  7.02656287e+03   1.50103677e+09]
 [  6.96873960e+03   1.50103665e+09]
 [  6.83536596e+03   1.50103666e+09]
 [  6.96883030e+03   1.50103666e+09]
 [  7.01980104e+03   1.50103653e+09]
 [  6.96653640e+03   1.50103665e+09]
 [  7.05951025e+03   1.50103675e+09]
 [  6.96838169e+03   1.50103665e+09]
 [  6.83853179e+03   1.50103670e+09]
 [  6.96919069e+03   1.50103665e+09]
 [  6.98359326e+03   1.50103652e+09]
 [  6.96659741e+03   1.50103665e+09]
 [  7.08659338e+03   1.50103673e+09]
 [  6.96795567e+03   1.50103665e+09]
 [  6.85271742e+03   1.50103673e+09]
 [  6.96949216e+03   1.50103665e+09]
 [  6.94427796e+03   1.50103652e+09]
 [  6.96677215e+03   1.50103666e+09]
 [  7.10523475e+03   1.50103669e+09]
 [  6.96748193e+03   1.50103665e+09]
 [  6.87706562e+03   1.50103676e+09]
 [  6.96971793e+03   1.50103665e+09]
 [  6.90494045e+03   1.50103652e+09]
 [  6.96708136e+03   1.50103666e+09]
 [  7.11331925e+03   1.50103665e+09]
 [  6.96698894e+03   1.50103665e+09]
 [  6.91016003e+03   1.50103679e+09]
 [  6.96983080e+03   1.50103665e+09]
 [  6.86896188e+03   1.50103654e+09]
 [  6.96750327e+03   1.50103666e+09]
 [  7.10990393e+03   1.50103661e+09]
 [  6.96648649e+03   1.50103665e+09]
 [  6.94966669e+03   1.50103680e+09]
 [  6.96982412e+03   1.50103665e+09]
 [  6.83937380e+03   1.50103657e+09]
 [  6.96803967e+03   1.50103666e+09]
 [  7.09449216e+03   1.50103657e+09]
 [  6.96602931e+03   1.50103665e+09]
 [  6.99251934e+03   1.50103681e+09]
 [  6.96964112e+03   1.50103665e+09]
 [  6.81913251e+03   1.50103661e+09]
 [  6.96868263e+03   1.50103666e+09]
 [  7.06796077e+03   1.50103653e+09]
 [  6.96564414e+03   1.50103665e+09]
 [  7.03528901e+03   1.50103680e+09]
 [  6.96930895e+03   1.50103665e+09]
 [  6.81012568e+03   1.50103666e+09]
 [  6.96942042e+03   1.50103666e+09]
 [  7.03207780e+03   1.50103651e+09]
 [  6.96536248e+03   1.50103665e+09]
 [  7.07447753e+03   1.50103677e+09]
 [  6.96875460e+03   1.50103665e+09]
 [  6.81384380e+03   1.50103670e+09]
 [  6.97045119e+03   1.50103666e+09]
 [  6.98929418e+03   1.50103649e+09]
 [  6.96497806e+03   1.50103666e+09]
 [  7.11035720e+03   1.50103674e+09]
 [  6.96795807e+03   1.50103665e+09]
 [  6.82433180e+03   1.50103675e+09]
 [  6.96800000e+03   1.50103665e+09]
 [  6.94185128e+03   1.50103648e+09]
 [  6.96800000e+03   1.50103665e+09]
 [  7.13513267e+03   1.50103670e+09]
 [  6.96603175e+03   1.50103665e+09]
 [  6.85489431e+03   1.50103679e+09]
 [  6.96800000e+03   1.50103665e+09]
 [  6.89412601e+03   1.50103649e+09]
 [  6.96800000e+03   1.50103665e+09]
 [  7.14566913e+03   1.50103665e+09]
 [  6.96800000e+03   1.50103665e+09]
 [  6.89450682e+03   1.50103682e+09]
 [  6.96800000e+03   1.50103665e+09]
 [  6.84957170e+03   1.50103652e+09]
 [  6.96800000e+03   1.50103665e+09]
 [  7.14165007e+03   1.50103660e+09]
 [  6.96800000e+03   1.50103665e+09]
 [  6.94233749e+03   1.50103684e+09]
 [  6.96800000e+03   1.50103665e+09]
 [  6.81250451e+03   1.50103655e+09]
 [  6.96800000e+03   1.50103665e+09]
 [  7.12421630e+03   1.50103655e+09]
 [  6.96800000e+03   1.50103665e+09]
 [  6.99461575e+03   1.50103684e+09]
 [  6.96800000e+03   1.50103665e+09]
 [  6.78753534e+03   1.50103660e+09]
 [  6.96800000e+03   1.50103665e+09]
 [  7.09217537e+03   1.50103651e+09]
 [  6.96800000e+03   1.50103665e+09]
 [  7.04670095e+03   1.50103683e+09]
 [  6.96800000e+03   1.50103665e+09]
 [  6.77639196e+03   1.50103665e+09]
 [  6.96800000e+03   1.50103665e+09]
 [  7.04877368e+03   1.50103648e+09]
 [  6.96800000e+03   1.50103665e+09]
 [  7.09429045e+03   1.50103680e+09]
 [  6.96800000e+03   1.50103665e+09]
 [  6.78089598e+03   1.50103671e+09]
 [  6.97279434e+03   1.50103666e+09]
 [  6.99699733e+03   1.50103646e+09]
 [  6.96800000e+03   1.50103665e+09]
 [  7.13232884e+03   1.50103676e+09]
 [  6.96800000e+03   1.50103665e+09]
 [  6.80108354e+03   1.50103676e+09]
 [  6.96800000e+03   1.50103665e+09]
 [  6.94147012e+03   1.50103646e+09]
 [  6.96800000e+03   1.50103665e+09]
 [  7.15884055e+03   1.50103671e+09]
 [  6.96687697e+03   1.50103665e+09]
 [  6.83563792e+03   1.50103680e+09]
 [  6.96800000e+03   1.50103665e+09]
 [  6.88665837e+03   1.50103647e+09]
 [  6.96586014e+03   1.50103666e+09]
 [  7.16887649e+03   1.50103666e+09]
 [  6.96800000e+03   1.50103665e+09]
 [  6.88177708e+03   1.50103684e+09]
 [  6.97154701e+03   1.50103665e+09]
 [  6.83777083e+03   1.50103650e+09]
 [  6.96800000e+03   1.50103665e+09]
 [  7.16364191e+03   1.50103660e+09]
 [  6.96549286e+03   1.50103665e+09]]

