[-4.86849361 -4.80366864 -4.77191325 -3.84340845 -3.78954152 -3.7683626
 -3.74214903 -3.72984894 -3.71311513 -3.70012453 -3.70753319 -2.86068923
 -2.79141491 -2.77074525 -2.75001944 -2.7287666  -2.71118375 -2.70313597
 -2.68768125 -2.66685164 -2.66321631 -2.66434124 -2.64804116 -2.64064052
 -2.63497125 -2.63228785 -2.64653258 -2.65449021 -3.52984208 -3.49017471
 -3.46571608 -3.44469656 -3.44118212 -2.65676447 -2.59937974 -2.55766167
 -2.5285166  -2.49920211 -2.46732479 -2.44000835 -2.40959718 -2.38849027
 -2.37544027 -2.63588828 -2.5724204  -2.51231311 -2.45208995 -2.39439852
 -2.33398834 -2.27783516 -2.22144574 -2.15819187 -2.09728837 -2.04477662
 -1.99825296 -1.95337764 -1.90903418 -1.86440091 -1.8216988  -1.77596783
 -1.73510141 -1.69380019 -1.65026821 -1.62078711 -1.5921311  -1.57198566
 -1.54290084 -1.52446247 -1.50077605 -1.48319607 -1.46369498 -1.45065562
 -1.43721079 -1.41517457 -1.40261379 -1.38850672 -1.38100636 -1.36004143
 -1.34866642 -1.33206086 -1.32945163 -1.31697416 -1.30635294 -1.29321713
 -1.28826472 -1.2740778  -1.26388316 -1.25308346 -1.25162407 -1.23961813
 -1.23320938 -1.22212208 -1.22344975 -1.21731997 -1.19860207 -1.18227045
 -1.19212471 -1.1689394  -1.15611163 -1.15658064 -1.16593063 -1.1536746
 -1.14504048 -1.14739076 -1.13624826 -1.14206206 -1.12435277 -1.11416045
 -1.10239234 -1.1096042  -1.10567911 -1.0894045  -1.10438132 -1.07915305
 -1.09759317 -1.07204174 -1.07936041 -1.07703517 -1.0491474  -1.04787613
 -1.05430793 -1.04602932 -1.03021029 -1.04845937 -1.0259366  -1.03558353
 -1.01637211 -1.01692565 -1.03117363 -1.01018506 -1.03410711 -1.05593081
 -1.07149385 -1.09301593 -1.12255986 -1.15359684 -1.1595874  -1.16881595
 -1.18178372 -1.18785979 -1.22007874 -1.22330438 -1.24273335 -1.25847825
 -1.25634369 -1.27723613 -1.30438164 -1.31278739 -1.31067891 -1.32268115
 -1.33721237 -1.33861784 -1.33276289 -1.35479855 -1.37964331 -1.39272831
 -1.38262125 -1.40802298 -1.41381447 -1.40667785 -1.42144794 -1.42739998
 -1.46105567 -1.4333791  -1.45939595 -1.45388135 -1.47499678 -1.47362292
 -1.48848381 -1.49997369 -1.50723556 -1.52533772 -1.51653057 -1.52096167
 -1.51717611 -1.52726311 -1.54160829 -1.55163555 -1.55627485 -1.55284725
 -1.56256507 -1.56895276 -1.57858533 -1.58518781 -1.61137481 -1.60612835
 -1.61390267 -1.60790747 -1.62002725 -1.60584396 -1.63400618 -1.62844228
 -1.65379071 -1.64510459 -1.65026041 -1.66985814 -1.66638686 -1.6742171
 -1.67041675 -1.69075966 -1.70027902 -1.6926249  -1.71442037 -1.72012137
 -1.72532085 -1.72721653 -1.73516568 -1.74168318 -1.75459183 -1.75875332
 -1.76504448 -1.76981309 -1.77835892 -1.78648991 -1.79601161 -1.80743738
 -1.80952081 -1.82340654 -1.8304307  -1.83611847 -1.84614377 -1.85769527
 -1.86534924 -1.87273363 -1.88482395 -1.89374336 -1.9053009  -1.91722768
 -1.92577395 -1.93780297 -1.9484545  -1.96121409 -1.97453497 -1.98673013
 -2.00031956 -2.0140588  -2.02908352 -2.04353928 -2.05848147 -2.07581411
 -2.0905083  -2.11132576 -2.12899091 -2.14857299 -2.17037722 -2.18979393
 -2.21351478 -2.24003818 -2.26298038 -2.28572612 -2.32485355 -2.34892221
 -2.3854535  -2.41913428 -2.46571596 -2.5108742  -2.53551485 -2.59416949
 -2.61420893 -2.65038133 -2.6761778  -2.69471974 -2.72746935 -2.75172615
 -2.78174358 -2.82145534 -2.8530989  -2.86243574 -2.89975677 -2.92891838
 -2.94972815 -3.13874068 -3.38261194 -3.42714867 -3.46745014 -3.50716653
 -3.57017197 -3.61599505 -3.64612712 -3.68198627 -3.75526529 -3.80274434
 -3.86716295 -3.89059155 -3.9552621  -4.00008044 -4.05778159 -4.11315353
 -4.17420853 -4.25091679 -4.31197161 -4.36758665 -4.45505352 -4.51087699
 -4.58353669 -4.65132042 -4.744772   -2.92157038 -2.9153776  -2.89304006
 -2.89785144 -2.87854465 -2.87058566 -2.90724026 -2.8841818  -2.90380719
 -2.91607644 -2.9033681  -2.93809463 -2.95617133 -2.97146607 -3.01294835
 -3.08465194 -4.02453001 -3.99135252 -3.95658873 -3.97343268 -3.94944583
 -3.98097387 -3.99484428 -4.03582553 -5.05801812 -5.03254088 -5.02233345
 -5.07146614],[-1.60307385e+00 -1.63470302e+00 -1.67856418e+00 -1.32204908e+00
 -1.33577266e+00 -1.36379363e+00 -1.38898167e+00 -1.42110796e+00
 -1.45094243e+00 -1.48293503e+00 -1.52739589e+00 -1.08130546e+00
 -1.05487757e+00 -1.06070523e+00 -1.06590956e+00 -1.07010733e+00
 -1.07664473e+00 -1.09075800e+00 -1.09855953e+00 -1.10120839e+00
 -1.11925674e+00 -1.14237665e+00 -1.14888395e+00 -1.16427051e+00
 -1.18182007e+00 -1.20315852e+00 -1.24474382e+00 -1.28104104e+00
 -2.39164811e+00 -2.40983646e+00 -2.44764904e+00 -2.49112273e+00
 -2.56102008e+00 -2.21436986e+00 -2.15025166e+00 -2.12314623e+00
 -2.13038184e+00 -2.13681011e+00 -2.13397487e+00 -2.14664918e+00
 -2.14762952e+00 -2.18802987e+00 -2.27228063e+00 -3.78278973e+00
 -3.75880531e+00 -3.74837173e+00 -3.73215453e+00 -3.72963625e+00
 -3.69790854e+00 -3.69992476e+00 -3.69709347e+00 -3.55719397e+00
 -3.34024775e+00 -3.16781420e+00 -3.09470940e+00 -3.07157562e+00
 -3.05541246e+00 -3.05432606e+00 -3.02522913e+00 -3.04085869e+00
 -3.00397417e+00 -2.97984218e+00 -2.97623036e+00 -2.88369675e+00
 -2.80387894e+00 -2.69384256e+00 -2.64317083e+00 -2.55324339e+00
 -2.49632115e+00 -2.42332253e+00 -2.36534055e+00 -2.29226711e+00
 -2.22788532e+00 -2.19451153e+00 -2.13763571e+00 -2.08955841e+00
 -2.02886147e+00 -2.00459914e+00 -1.96004329e+00 -1.92966089e+00
 -1.87225650e+00 -1.83806338e+00 -1.80222495e+00 -1.77283239e+00
 -1.73063327e+00 -1.70608724e+00 -1.67606360e+00 -1.64825379e+00
 -1.60770144e+00 -1.58418515e+00 -1.55370841e+00 -1.53064221e+00
 -1.49237036e+00 -1.46501219e+00 -1.45358100e+00 -1.43923329e+00
 -1.39584417e+00 -1.38982802e+00 -1.37252572e+00 -1.34211665e+00
 -1.30419999e+00 -1.28798318e+00 -1.26860703e+00 -1.23999619e+00
 -1.22362817e+00 -1.19363493e+00 -1.18303201e+00 -1.16644685e+00
 -1.15108401e+00 -1.12242712e+00 -1.10221219e+00 -1.09034082e+00
 -1.05867191e+00 -1.05232690e+00 -1.02006544e+00 -1.01343395e+00
 -9.88594325e-01 -9.69370418e-01 -9.62852818e-01 -9.43088047e-01
 -9.20173907e-01 -9.04068996e-01 -8.90954869e-01 -8.64422067e-01
 -8.53686193e-01 -8.31249365e-01 -8.18772020e-01 -7.99738667e-01
 -7.77008399e-01 -7.64417476e-01 -7.40045856e-01 -7.17199504e-01
 -6.96621603e-01 -6.75582143e-01 -6.54023899e-01 -6.33390168e-01
 -6.17454730e-01 -6.01409996e-01 -5.85364330e-01 -5.70427671e-01
 -5.53936002e-01 -5.40109309e-01 -5.25864180e-01 -5.12376018e-01
 -4.99434355e-01 -4.86833910e-01 -4.75177291e-01 -4.63460854e-01
 -4.51274744e-01 -4.40228106e-01 -4.29834454e-01 -4.18290813e-01
 -4.05721595e-01 -3.97320292e-01 -3.90140720e-01 -3.81493358e-01
 -3.68300841e-01 -3.62876324e-01 -3.53396048e-01 -3.40563202e-01
 -3.33655280e-01 -3.24494081e-01 -3.24463450e-01 -3.04453788e-01
 -3.02809584e-01 -2.89932485e-01 -2.87465686e-01 -2.76143812e-01
 -2.71844370e-01 -2.66425898e-01 -2.59257422e-01 -2.57753095e-01
 -2.42530324e-01 -2.34060230e-01 -2.20830004e-01 -2.15543537e-01
 -2.13165149e-01 -2.08432716e-01 -2.00306667e-01 -1.86494773e-01
 -1.81782478e-01 -1.74779957e-01 -1.70354861e-01 -1.63691401e-01
 -1.73524190e-01 -1.57219030e-01 -1.51963199e-01 -1.33959038e-01
 -1.32660393e-01 -1.05412293e-01 -1.20594626e-01 -1.01126707e-01
 -1.15091028e-01 -9.13099754e-02 -8.27603068e-02 -9.18873087e-02
 -7.25520088e-02 -6.72246071e-02 -4.58953590e-02 -5.79037129e-02
 -5.51875135e-02 -2.61877126e-02 -4.25024433e-02 -3.37161277e-02
 -2.37384035e-02 -7.35601319e-03 -1.37679106e-03  7.53601724e-03
  3.72239952e-03  1.79461381e-02  2.83358576e-02  4.29393184e-02
  4.92584912e-02  5.69202343e-02  6.11877291e-02  5.99960126e-02
  8.70692134e-02  7.84581147e-02  9.22720598e-02  1.12619805e-01
  1.18156007e-01  1.17522467e-01  1.34740306e-01  1.56149398e-01
  1.54730295e-01  1.72629321e-01  1.75777039e-01  1.76338592e-01
  2.08955092e-01  2.14206504e-01  2.41446851e-01  2.45828102e-01
  2.37631468e-01  2.78343366e-01  2.87312945e-01  2.87226312e-01
  3.23158236e-01  3.24334427e-01  3.31443996e-01  3.62446774e-01
  3.57735024e-01  4.03537742e-01  4.15021414e-01  4.35484132e-01
  4.63840275e-01  4.74168975e-01  5.02367198e-01  5.37637446e-01
  5.52774956e-01  5.64456413e-01  6.30964943e-01  6.39422169e-01
  6.84449206e-01  7.15421640e-01  7.77669517e-01  8.28977135e-01
  8.23627691e-01  8.97891976e-01  8.77743681e-01  8.92982106e-01
  8.84664405e-01  8.61834815e-01  8.66570863e-01  8.54599903e-01
  8.52501473e-01  8.65620597e-01  8.63758460e-01  8.26619278e-01
  8.32538006e-01  8.25250721e-01  8.05843615e-01  1.00956558e+00
  1.26775313e+00  1.26049203e+00  1.24697383e+00  1.23195539e+00
  1.24200161e+00  1.23110517e+00  1.20280968e+00  1.18020455e+00
  1.19323548e+00  1.17928969e+00  1.17939282e+00  1.14169052e+00
  1.13887140e+00  1.11785254e+00  1.10592851e+00  1.09058470e+00
  1.07785450e+00  1.07428423e+00  1.05761000e+00  1.03568876e+00
  1.03221466e+00  1.00680787e+00  9.89705858e-01  9.67734438e-01
  9.57467539e-01 -3.09520673e-02 -5.40427525e-02 -8.40462448e-02
 -1.00724895e-01 -1.27533570e-01 -1.48702773e-01 -1.52205807e-01
 -1.78625879e-01 -1.89245034e-01 -2.02803785e-01 -2.24255559e-01
 -2.31468421e-01 -2.44266295e-01 -2.58265247e-01 -2.66645810e-01
 -2.69997202e-01 -2.52543570e-01 -2.91802403e-01 -3.29899979e-01
 -3.63093341e-01 -3.98908631e-01 -4.31917931e-01 -4.66285130e-01
 -5.01132769e-01 -5.55138696e-01 -6.07648415e-01 -6.60142957e-01
 -7.16563985e-01]
[-4.85737569 -4.81752084 -4.77914125 -3.85113693 -3.80042731 -3.76199251
 -3.73618073 -3.72184927 -3.67076328 -3.70470431 -3.69983531 -2.84507966
 -2.7934081  -2.7688554  -2.75002021 -2.72236581 -2.71598508 -2.69219996
 -2.68631103 -2.66824727 -2.67082082 -2.66098214 -2.6411398  -2.63936215
 -2.64497091 -2.62576008 -2.65171204 -2.64092708 -3.53611722 -3.50227835
 -3.46575898 -3.44188618 -3.43767053 -2.6515995  -2.60049705 -2.56487719
 -2.52515507 -2.4966733  -2.46372816 -2.44241727 -2.41891586 -2.39268041
 -2.37423952 -2.63683264 -2.5740596  -2.51337487 -2.45361532 -2.39339111
 -2.33478885 -2.27714362 -2.22102106 -2.15930982 -2.09836421 -2.04521385
 -1.99849185 -1.95378567 -1.90946578 -1.8666995  -1.82269277 -1.77876443
 -1.73478488 -1.69233557 -1.65113382 -1.621673   -1.59579296 -1.57319038
 -1.54244408 -1.52476037 -1.50134118 -1.4823589  -1.4642858  -1.44725022
 -1.43722728 -1.42292628 -1.399805   -1.38088709 -1.37660677 -1.36633106
 -1.35708712 -1.33913825 -1.33086498 -1.31103006 -1.30622027 -1.28527838
 -1.28544229 -1.2754505  -1.259201   -1.25962179 -1.24887997 -1.24146619
 -1.24503757 -1.22486181 -1.20809813 -1.20166742 -1.2203085  -1.19108384
 -1.19471774 -1.18161778 -1.17599919 -1.17002998 -1.16001948 -1.14932951
 -1.14769283 -1.14717925 -1.14481808 -1.12329776 -1.13088641 -1.12393158
 -1.12314118 -1.12525726 -1.10144765 -1.0991909  -1.09052685 -1.07336555
 -1.08615718 -1.08359429 -1.06587105 -1.07033689 -1.05586078 -1.0476815
 -1.05141202 -1.0422947  -1.02337473 -1.05375098 -1.04126917 -1.01348261
 -1.01717348 -1.0168325  -0.99730492 -1.00348462 -1.04681885 -1.06043478
 -1.0816739  -1.10001047 -1.11546447 -1.14689237 -1.13830631 -1.17021424
 -1.19395313 -1.19399645 -1.22141246 -1.22333055 -1.2387959  -1.25437839
 -1.25610691 -1.27436474 -1.30581017 -1.28545818 -1.29665731 -1.3243702
 -1.35132076 -1.3478434  -1.3669654  -1.35900206 -1.37661502 -1.38261713
 -1.38066136 -1.39332895 -1.38292962 -1.40528173 -1.40920823 -1.43870176
 -1.44352825 -1.46315758 -1.45022648 -1.47256969 -1.47916186 -1.47150802
 -1.49968776 -1.49328764 -1.50647887 -1.52672097 -1.52069065 -1.52489192
 -1.53134334 -1.52517808 -1.53840928 -1.55597933 -1.55153189 -1.55668154
 -1.57381535 -1.57185953 -1.5738043  -1.59434932 -1.59639364 -1.58673976
 -1.61313299 -1.60850829 -1.61562611 -1.6035934  -1.62203461 -1.62393326
 -1.63975546 -1.64490568 -1.64986432 -1.66516406 -1.66189173 -1.68310955
 -1.6848945  -1.68469094 -1.69786871 -1.70354295 -1.70633355 -1.7228703
 -1.72376511 -1.74601164 -1.73663986 -1.74463451 -1.75135846 -1.75257162
 -1.77105987 -1.77331353 -1.78235742 -1.79095072 -1.79403374 -1.80409342
 -1.81065972 -1.82303019 -1.83073777 -1.84131893 -1.84691144 -1.85977128
 -1.86677434 -1.87301879 -1.8880885  -1.8962929  -1.90513352 -1.9136494
 -1.92540213 -1.93786472 -1.95108298 -1.96170999 -1.97416358 -1.9871607
 -2.00052841 -2.01418222 -2.02865065 -2.04371614 -2.05992139 -2.07542846
 -2.09354958 -2.10974093 -2.1287226  -2.14686603 -2.16575524 -2.19068967
 -2.21521189 -2.23896272 -2.26641372 -2.29288011 -2.32238054 -2.35574032
 -2.38925977 -2.42059752 -2.46659989 -2.50542817 -2.55406983 -2.59501792
 -2.61902482 -2.65477181 -2.67545059 -2.69554116 -2.72746852 -2.76019672
 -2.77296018 -2.81673569 -2.83985368 -2.86433759 -2.89997687 -2.92687409
 -2.96554985 -3.12751469 -3.3790908  -3.42326162 -3.45824287 -3.511674
 -3.55760463 -3.60235724 -3.65244599 -3.70493624 -3.76091318 -3.78609343
 -3.83969692 -3.88732965 -3.9560497  -3.99696711 -4.07707907 -4.12480849
 -4.18514543 -4.25255511 -4.3089435  -4.38259825 -4.4449304  -4.51610778
 -4.59520832 -4.65766884 -4.75384836 -2.92862168 -2.91219513 -2.89234195
 -2.89653639 -2.87623173 -2.90074029 -2.89614596 -2.9095287  -2.92015091
 -2.9294189  -2.92011827 -2.92564408 -2.94888825 -2.97206109 -2.99464249
 -3.079102   -4.02105441 -3.9925588  -3.98478828 -3.96666452 -3.96949134
 -3.9902212  -3.99949434 -4.03501775 -5.05441503 -5.02424474 -5.0340432
 -5.08210542],[-1.59879804e+00 -1.64030472e+00 -1.68162808e+00 -1.32548161e+00
 -1.34083806e+00 -1.36065824e+00 -1.38590749e+00 -1.41681458e+00
 -1.42739387e+00 -1.48553898e+00 -1.52271490e+00 -1.07069696e+00
 -1.05620340e+00 -1.05925282e+00 -1.06582646e+00 -1.06501024e+00
 -1.08044124e+00 -1.08146719e+00 -1.09725711e+00 -1.10234970e+00
 -1.12623262e+00 -1.13899720e+00 -1.14183477e+00 -1.16279768e+00
 -1.19240080e+00 -1.19573539e+00 -1.25053608e+00 -1.26467432e+00
 -2.39921437e+00 -2.42514516e+00 -2.44749261e+00 -2.48702501e+00
 -2.55576217e+00 -2.20038733e+00 -2.15279234e+00 -2.14357282e+00
 -2.11940480e+00 -2.12786708e+00 -2.12070028e+00 -2.15490322e+00
 -2.18428080e+00 -2.20533590e+00 -2.26563558e+00 -3.78658471e+00
 -3.76693604e+00 -3.75375682e+00 -3.74152870e+00 -3.71962753e+00
 -3.70349469e+00 -3.68945089e+00 -3.68779421e+00 -3.57450382e+00
 -3.36510849e+00 -3.18044923e+00 -3.07346718e+00 -3.06157862e+00
 -3.04970901e+00 -3.01531983e+00 -3.01442691e+00 -3.01176704e+00
 -3.00919120e+00 -2.99362751e+00 -2.97178509e+00 -2.87963254e+00
 -2.78454845e+00 -2.68890976e+00 -2.64645932e+00 -2.55301886e+00
 -2.49505059e+00 -2.42736679e+00 -2.36415737e+00 -2.30420515e+00
 -2.22861497e+00 -2.17278479e+00 -2.14604412e+00 -2.11004597e+00
 -2.04037638e+00 -1.99042465e+00 -1.94175425e+00 -1.91507777e+00
 -1.86991220e+00 -1.85024098e+00 -1.80298489e+00 -1.78762718e+00
 -1.73599227e+00 -1.70426784e+00 -1.68399404e+00 -1.63863308e+00
 -1.61218543e+00 -1.58195807e+00 -1.53784633e+00 -1.52739707e+00
 -1.51237018e+00 -1.48468257e+00 -1.42809986e+00 -1.42945331e+00
 -1.39330504e+00 -1.37657735e+00 -1.35227698e+00 -1.32899598e+00
 -1.31020586e+00 -1.29232711e+00 -1.26651156e+00 -1.24046260e+00
 -1.21672211e+00 -1.20908034e+00 -1.17819671e+00 -1.15934980e+00
 -1.13627902e+00 -1.11172560e+00 -1.10530141e+00 -1.08422712e+00
 -1.06754500e+00 -1.05602179e+00 -1.02687561e+00 -1.00725121e+00
 -9.95962790e-01 -9.72979811e-01 -9.59780246e-01 -9.43370509e-01
 -9.21648225e-01 -9.05833972e-01 -8.93889557e-01 -8.62567764e-01
 -8.48284959e-01 -8.39008545e-01 -8.18672125e-01 -7.99922698e-01
 -7.86849033e-01 -7.66355554e-01 -7.37027595e-01 -7.16301296e-01
 -6.94598850e-01 -6.74357456e-01 -6.55396941e-01 -6.34570205e-01
 -6.20550658e-01 -6.01353490e-01 -5.84203115e-01 -5.70000908e-01
 -5.53945939e-01 -5.40206379e-01 -5.26093747e-01 -5.12535609e-01
 -4.99520804e-01 -4.86864687e-01 -4.75306758e-01 -4.62086605e-01
 -4.50356452e-01 -4.40443757e-01 -4.31388883e-01 -4.19488161e-01
 -4.10604618e-01 -3.98039525e-01 -3.89651621e-01 -3.79564231e-01
 -3.67921600e-01 -3.59508942e-01 -3.45705837e-01 -3.40214286e-01
 -3.30159347e-01 -3.27974490e-01 -3.18769823e-01 -3.14736535e-01
 -2.99470225e-01 -2.97119279e-01 -2.89146801e-01 -2.75235299e-01
 -2.76826942e-01 -2.63284452e-01 -2.58864234e-01 -2.58430484e-01
 -2.44712051e-01 -2.36203351e-01 -2.28977206e-01 -2.14239884e-01
 -2.11108932e-01 -2.11197295e-01 -1.97037536e-01 -1.89111512e-01
 -1.89889289e-01 -1.76889536e-01 -1.66524934e-01 -1.71023204e-01
 -1.60834952e-01 -1.40234216e-01 -1.51152532e-01 -1.34395943e-01
 -1.28273509e-01 -1.03019684e-01 -1.08035203e-01 -9.61297855e-02
 -9.93198304e-02 -9.09075886e-02 -8.21050360e-02 -8.58909479e-02
 -6.65886605e-02 -7.88270670e-02 -6.56235051e-02 -4.89893034e-02
 -5.13609649e-02 -4.27611748e-02 -2.92681676e-02 -3.80079589e-02
 -2.07351381e-02 -4.09910923e-02 -3.81493909e-03  2.09194956e-03
  1.07389182e-02  3.16221693e-02  1.52239532e-02  3.51247624e-02
  3.98173998e-02  4.57805826e-02  6.71669102e-02  7.02970655e-02
  8.41661696e-02  8.03450641e-02  9.19010576e-02  9.39216690e-02
  1.15890008e-01  1.09398922e-01  1.28994059e-01  1.55755948e-01
  1.37347795e-01  1.57812421e-01  1.78499908e-01  2.07390374e-01
  2.14587373e-01  2.16007343e-01  2.06694764e-01  2.40525176e-01
  2.54948916e-01  2.66095166e-01  2.59607423e-01  2.81476425e-01
  3.04536592e-01  3.23325984e-01  3.48569949e-01  3.55420901e-01
  3.84280034e-01  3.88779432e-01  4.11434979e-01  4.23243029e-01
  4.36358842e-01  4.77518020e-01  5.09182114e-01  5.31930392e-01
  5.65519932e-01  5.90163333e-01  6.21488341e-01  6.60851201e-01
  6.95359500e-01  7.18921905e-01  7.79387859e-01  8.14142010e-01
  8.68827891e-01  8.99269849e-01  8.87949792e-01  9.01812587e-01
  8.82626994e-01  8.62915519e-01  8.66058780e-01  8.69365957e-01
  8.36832564e-01  8.57314849e-01  8.42143100e-01  8.29110202e-01
  8.32443041e-01  8.21926374e-01  8.27195430e-01  9.94301324e-01
  1.26287679e+00  1.25533291e+00  1.23565936e+00  1.23678830e+00
  1.22772433e+00  1.21616994e+00  1.20902501e+00  1.20281444e+00
  1.19837862e+00  1.16348464e+00  1.15440307e+00  1.13857592e+00
  1.13925568e+00  1.11506540e+00  1.12072365e+00  1.09909970e+00
  1.08554003e+00  1.07518546e+00  1.05533157e+00  1.04519139e+00
  1.02567018e+00  1.00972447e+00  9.96218249e-01  9.71036829e-01
  9.62079989e-01 -2.75661868e-02 -5.57891374e-02 -8.45630204e-02
 -1.01496441e-01 -1.28696006e-01 -1.36718651e-01 -1.56629898e-01
 -1.69586571e-01 -1.83792852e-01 -1.98637430e-01 -2.19301241e-01
 -2.35181576e-01 -2.46360028e-01 -2.58260081e-01 -2.70998905e-01
 -2.71307834e-01 -2.53082364e-01 -2.91786574e-01 -3.27556435e-01
 -3.63664733e-01 -3.97968689e-01 -4.31695033e-01 -4.66297230e-01
 -5.01218758e-01 -5.55156103e-01 -6.07432191e-01 -6.60838425e-01
 -7.17385143e-01]
[-4.875786   -4.79537895 -4.77913964 -3.86714582 -3.79319572 -3.75765902
 -3.74349943 -3.70417262 -3.69610881 -3.69575636 -3.72233659 -2.8548961
 -2.77913793 -2.75992026 -2.74247261 -2.73688166 -2.71670926 -2.69033074
 -2.68269915 -2.67290114 -2.66872437 -2.65218857 -2.64801766 -2.63124724
 -2.63143909 -2.63711585 -2.63576174 -2.65671426 -3.53788571 -3.49199913
 -3.47571764 -3.44176047 -3.43828429 -2.65040874 -2.59752792 -2.56177543
 -2.5235169  -2.49451153 -2.46992937 -2.44160822 -2.41725148 -2.39078482
 -2.36741145 -2.63457769 -2.57510705 -2.51270721 -2.45347738 -2.39456021
 -2.33664115 -2.27849306 -2.21985635 -2.15820169 -2.09735631 -2.04458636
 -1.99811047 -1.953239   -1.9089947  -1.86566581 -1.82010569 -1.77594182
 -1.73640329 -1.69161529 -1.64923494 -1.62203886 -1.59144365 -1.56427823
 -1.54525021 -1.52381754 -1.5057041  -1.48525607 -1.46192562 -1.45176603
 -1.43221086 -1.41876446 -1.40964581 -1.39136017 -1.37391286 -1.36852893
 -1.35262895 -1.34846571 -1.33346903 -1.31882919 -1.30387671 -1.29609968
 -1.27853465 -1.26986616 -1.25729432 -1.2497524  -1.24582444 -1.22880689
 -1.23422523 -1.23314703 -1.22135421 -1.21599955 -1.2013521  -1.18960714
 -1.18518897 -1.18394702 -1.18574706 -1.17228992 -1.16168956 -1.1505914
 -1.15416375 -1.14869539 -1.14128579 -1.12398984 -1.1138475  -1.11743058
 -1.1168389  -1.10676989 -1.10069295 -1.09563541 -1.10518057 -1.07445006
 -1.08720159 -1.07428636 -1.07461338 -1.05834615 -1.07141763 -1.08079378
 -1.04296307 -1.04252561 -1.03676974 -1.02505803 -1.03761383 -1.01998994
 -1.01644138 -1.01883027 -1.02071806 -1.01451806 -1.02718205 -1.06369935
 -1.07557161 -1.0893952  -1.13045795 -1.13198522 -1.16148252 -1.17937848
 -1.18792771 -1.19800398 -1.22416989 -1.21919903 -1.2387301  -1.24793099
 -1.26975286 -1.27263958 -1.29192831 -1.30543988 -1.33209453 -1.32474091
 -1.34239755 -1.3508454  -1.33826603 -1.35509819 -1.39299145 -1.37883855
 -1.38395022 -1.3861326  -1.39237081 -1.4073516  -1.4410761  -1.42170651
 -1.42273428 -1.43712093 -1.44716587 -1.45245532 -1.47566722 -1.47037211
 -1.48955918 -1.47858931 -1.49861276 -1.49837875 -1.50111649 -1.52335631
 -1.51988799 -1.54381231 -1.54497069 -1.54422434 -1.56140303 -1.55683112
 -1.57024365 -1.56664675 -1.57484712 -1.58253204 -1.59270984 -1.59521222
 -1.60649664 -1.62200699 -1.60851219 -1.62312043 -1.62181242 -1.63623785
 -1.64119986 -1.66805788 -1.6455218  -1.65730129 -1.67542286 -1.68066355
 -1.67871542 -1.69125124 -1.69785762 -1.69602015 -1.71413956 -1.71949769
 -1.72901137 -1.74198465 -1.73406442 -1.74621855 -1.74880604 -1.7610052
 -1.7674237  -1.77352989 -1.77366787 -1.78270001 -1.80471253 -1.79703838
 -1.81878964 -1.82027006 -1.82974298 -1.83801449 -1.84994094 -1.85397932
 -1.86351472 -1.8776973  -1.88521761 -1.89617386 -1.90284579 -1.9156091
 -1.92836269 -1.93823602 -1.95013906 -1.96126407 -1.97405546 -1.98701247
 -2.00016049 -2.01381801 -2.02847291 -2.04319582 -2.06063624 -2.07596842
 -2.09206434 -2.10898773 -2.12930578 -2.14979005 -2.17022974 -2.1883928
 -2.21127532 -2.23855985 -2.26257063 -2.29028427 -2.31908631 -2.35437166
 -2.38386873 -2.42059783 -2.46092778 -2.50795832 -2.54604481 -2.60094518
 -2.62144818 -2.64548385 -2.67525919 -2.70629388 -2.73510995 -2.75782998
 -2.78133577 -2.81086562 -2.84939181 -2.87822985 -2.90653078 -2.91624043
 -2.95842075 -3.13329411 -3.38965157 -3.42847322 -3.46232208 -3.52131471
 -3.55753473 -3.60118025 -3.6521767  -3.69539456 -3.75774045 -3.79036721
 -3.85224283 -3.90987049 -3.95719709 -4.01446997 -4.06528948 -4.13300777
 -4.19371999 -4.2486321  -4.32374516 -4.37861159 -4.44798923 -4.50304886
 -4.59288506 -4.65915129 -4.73884808 -2.92771345 -2.90360496 -2.88821285
 -2.90031864 -2.90236328 -2.89273949 -2.90004943 -2.89681214 -2.90450936
 -2.89133292 -2.91762008 -2.92271009 -2.94117232 -2.9818201  -2.99630876
 -3.05839258 -4.00816845 -3.98353316 -3.98483229 -3.97980228 -3.97123533
 -3.97905305 -3.99041927 -4.02960475 -5.05447653 -5.0523333  -5.03343063
 -5.06322652],[-1.60587771e+00 -1.63135033e+00 -1.68164230e+00 -1.33264366e+00
 -1.33749113e+00 -1.35857999e+00 -1.38968894e+00 -1.40745694e+00
 -1.44152689e+00 -1.48043771e+00 -1.53633467e+00 -1.07743548e+00
 -1.04631646e+00 -1.05288070e+00 -1.06026979e+00 -1.07651402e+00
 -1.08118752e+00 -1.08006688e+00 -1.09429486e+00 -1.10673825e+00
 -1.12448030e+00 -1.13071242e+00 -1.14895134e+00 -1.15462776e+00
 -1.17812929e+00 -1.20863446e+00 -1.23245127e+00 -1.28381416e+00
 -2.40171909e+00 -2.41230673e+00 -2.46107760e+00 -2.48722281e+00
 -2.55703027e+00 -2.19811102e+00 -2.14550400e+00 -2.13549033e+00
 -2.11536117e+00 -2.12186189e+00 -2.14353882e+00 -2.15313064e+00
 -2.17894677e+00 -2.19858156e+00 -2.23503478e+00 -3.77673058e+00
 -3.77488034e+00 -3.75174913e+00 -3.74306926e+00 -3.73211200e+00
 -3.72465435e+00 -3.70914144e+00 -3.67623719e+00 -3.56017921e+00
 -3.34647825e+00 -3.16523538e+00 -3.08596616e+00 -3.07101117e+00
 -3.05230665e+00 -3.02762442e+00 -3.04566082e+00 -3.03941906e+00
 -2.99020474e+00 -2.99629236e+00 -2.98244580e+00 -2.87483786e+00
 -2.80687124e+00 -2.73254970e+00 -2.63140045e+00 -2.55533340e+00
 -2.47595854e+00 -2.41504568e+00 -2.37092525e+00 -2.28810331e+00
 -2.24273027e+00 -2.18362064e+00 -2.11788938e+00 -2.08169681e+00
 -2.04596514e+00 -1.98423280e+00 -1.95076916e+00 -1.89416283e+00
 -1.86367247e+00 -1.83408120e+00 -1.80654031e+00 -1.76731605e+00
 -1.74714954e+00 -1.71278393e+00 -1.68630011e+00 -1.65309173e+00
 -1.61601228e+00 -1.59933704e+00 -1.55205155e+00 -1.51577701e+00
 -1.49480292e+00 -1.46640117e+00 -1.45007451e+00 -1.43057671e+00
 -1.40331641e+00 -1.37353846e+00 -1.34166472e+00 -1.32622167e+00
 -1.30809074e+00 -1.29065989e+00 -1.26021232e+00 -1.23867793e+00
 -1.21922531e+00 -1.20807448e+00 -1.19105674e+00 -1.16381731e+00
 -1.14043698e+00 -1.12424857e+00 -1.10541419e+00 -1.08614676e+00
 -1.05802372e+00 -1.05500295e+00 -1.02591415e+00 -1.01205253e+00
 -9.90978985e-01 -9.78746184e-01 -9.51878577e-01 -9.27636778e-01
 -9.25093782e-01 -9.05433903e-01 -8.88192558e-01 -8.73274797e-01
 -8.49333248e-01 -8.36500062e-01 -8.18644479e-01 -7.99055397e-01
 -7.79900140e-01 -7.63162637e-01 -7.41674073e-01 -7.15319824e-01
 -6.95668989e-01 -6.76197870e-01 -6.52553119e-01 -6.36719123e-01
 -6.17111754e-01 -6.00044443e-01 -5.84649793e-01 -5.69476448e-01
 -5.53585063e-01 -5.40257168e-01 -5.25939336e-01 -5.12494068e-01
 -4.99385524e-01 -4.86696426e-01 -4.74682935e-01 -4.63022015e-01
 -4.52738742e-01 -4.40365503e-01 -4.30341171e-01 -4.19760900e-01
 -4.06462217e-01 -3.97334354e-01 -3.92471838e-01 -3.78756397e-01
 -3.68558608e-01 -3.57785587e-01 -3.48015505e-01 -3.40726811e-01
 -3.39281964e-01 -3.22737841e-01 -3.11977255e-01 -3.05738706e-01
 -2.98346589e-01 -2.89383883e-01 -2.87739825e-01 -2.74767396e-01
 -2.72332830e-01 -2.56450294e-01 -2.55060462e-01 -2.44014467e-01
 -2.34344124e-01 -2.35414556e-01 -2.22426379e-01 -2.25533009e-01
 -2.15304569e-01 -2.03652510e-01 -2.03813082e-01 -1.89334603e-01
 -1.87419026e-01 -1.73094606e-01 -1.67489251e-01 -1.61601013e-01
 -1.57910217e-01 -1.47789780e-01 -1.45362913e-01 -1.47204256e-01
 -1.21612832e-01 -1.22800980e-01 -1.08048531e-01 -1.09598498e-01
 -1.01197767e-01 -1.17860705e-01 -7.72255602e-02 -7.64874229e-02
 -8.42647301e-02 -7.59298037e-02 -5.74790929e-02 -5.87612549e-02
 -5.17555437e-02 -3.15940886e-02 -4.22325554e-02 -3.28663109e-02
 -3.03392643e-02 -3.42471896e-02  4.75711489e-04 -1.61247935e-03
  1.53565479e-02  1.28483589e-02  2.27072722e-02  3.38759268e-02
  6.05797225e-02  6.64820190e-02  3.68861985e-02  8.98832175e-02
  5.80837494e-02  8.83113359e-02  9.42155541e-02  1.05029590e-01
  1.02348359e-01  1.33076986e-01  1.42755463e-01  1.29822831e-01
  1.51704077e-01  1.56341372e-01  1.92322661e-01  1.88432780e-01
  1.82819258e-01  2.07574169e-01  2.15063779e-01  2.42061221e-01
  2.47348627e-01  2.52846470e-01  2.69395690e-01  2.82152249e-01
  3.10198883e-01  3.20706839e-01  3.64146940e-01  3.65936347e-01
  3.73911323e-01  3.85849042e-01  4.18358257e-01  4.44126681e-01
  4.63901048e-01  4.67800889e-01  4.92614819e-01  5.31948854e-01
  5.51785517e-01  5.82034785e-01  6.11471027e-01  6.57748288e-01
  6.80094067e-01  7.20150227e-01  7.65002516e-01  8.21837269e-01
  8.50067730e-01  9.14233045e-01  8.94366009e-01  8.82870568e-01
  8.83144406e-01  8.84863613e-01  8.81255027e-01  8.65919756e-01
  8.52109583e-01  8.48324163e-01  8.58127942e-01  8.51192631e-01
  8.42844243e-01  8.07436794e-01  8.18053478e-01  1.00260055e+00
  1.27699883e+00  1.26236571e+00  1.24110370e+00  1.24843849e+00
  1.22820544e+00  1.21545371e+00  1.20927712e+00  1.19380178e+00
  1.19582303e+00  1.16795730e+00  1.16616576e+00  1.15861476e+00
  1.14067455e+00  1.12966757e+00  1.11195990e+00  1.10569579e+00
  1.09217707e+00  1.07284753e+00  1.06569808e+00  1.04299233e+00
  1.02795624e+00  1.00225705e+00  9.95238341e-01  9.72208311e-01
  9.54458444e-01 -2.76941612e-02 -5.96463930e-02 -8.61674361e-02
 -9.95051673e-02 -1.17320341e-01 -1.39650818e-01 -1.54847087e-01
 -1.73926510e-01 -1.88895607e-01 -2.10721471e-01 -2.19805393e-01
 -2.35770084e-01 -2.48178616e-01 -2.55596338e-01 -2.70385306e-01
 -2.75473392e-01 -2.54466934e-01 -2.92546604e-01 -3.27376168e-01
 -3.62584239e-01 -3.97715028e-01 -4.31921406e-01 -4.66299823e-01
 -5.01071706e-01 -5.55019947e-01 -6.08299510e-01 -6.60681744e-01
 -7.15935755e-01]
[-4.84735816 -4.8150931  -4.77975135 -3.86957587 -3.79467592 -3.76218058
 -3.71459439 -3.71895338 -3.70957306 -3.68903538 -3.70430347 -2.86739678
 -2.79532378 -2.77224753 -2.74392076 -2.727404   -2.70696362 -2.70949678
 -2.67392963 -2.67746392 -2.6643786  -2.65231185 -2.65474475 -2.64240214
 -2.63191416 -2.62621781 -2.6377999  -2.64232875 -3.53303288 -3.4966666
 -3.4674923  -3.43557319 -3.43412482 -2.65523901 -2.59783444 -2.56333474
 -2.52977945 -2.49988319 -2.46574375 -2.44156968 -2.41313353 -2.39210278
 -2.36996634 -2.6376081  -2.57535551 -2.51429599 -2.45215235 -2.39587388
 -2.33664777 -2.27618617 -2.22232657 -2.15827339 -2.09795573 -2.04509547
 -1.99868106 -1.9537703  -1.90951359 -1.86451086 -1.82222103 -1.77841136
 -1.73496147 -1.69295061 -1.64821157 -1.62238953 -1.59510051 -1.5685487
 -1.54935305 -1.52213092 -1.50521513 -1.48717455 -1.47130513 -1.4486702
 -1.43438603 -1.41188455 -1.40636354 -1.38412455 -1.37902507 -1.36561938
 -1.34924752 -1.34169561 -1.32837068 -1.31841904 -1.31141807 -1.28710713
 -1.29141813 -1.2797687  -1.27838096 -1.24973035 -1.26493549 -1.24298258
 -1.23122713 -1.23557708 -1.2182052  -1.20786196 -1.21082546 -1.2006172
 -1.19122052 -1.1602138  -1.17635715 -1.17264053 -1.16733447 -1.14925805
 -1.14538626 -1.13028039 -1.14952658 -1.13356772 -1.12207909 -1.11734851
 -1.11174407 -1.1213562  -1.09547019 -1.0953716  -1.10448756 -1.08420949
 -1.08444202 -1.0676106  -1.06464721 -1.0586347  -1.08234651 -1.06206185
 -1.04965001 -1.04670904 -1.02093236 -1.04041511 -1.02607945 -1.02927203
 -1.02131772 -1.01742192 -1.00685666 -1.03495488 -1.05659375 -1.04133212
 -1.06179485 -1.0906425  -1.12577159 -1.1311646  -1.14461525 -1.1692409
 -1.19395217 -1.20257558 -1.22440205 -1.23413376 -1.24189579 -1.24698254
 -1.27287936 -1.27496537 -1.28216075 -1.30477608 -1.30964445 -1.31388281
 -1.3242292  -1.34895138 -1.35311227 -1.37338267 -1.36936223 -1.38847781
 -1.38799888 -1.39333918 -1.41649391 -1.41682663 -1.41794113 -1.44060581
 -1.4333706  -1.46664436 -1.44826856 -1.44151055 -1.46397665 -1.47974184
 -1.48590377 -1.49555102 -1.490904   -1.50553549 -1.51708279 -1.52298296
 -1.52342998 -1.53153117 -1.52801984 -1.54067767 -1.54829589 -1.55775313
 -1.56799808 -1.57872011 -1.5811436  -1.58481767 -1.59972921 -1.59775698
 -1.61183045 -1.61442088 -1.60422987 -1.62721125 -1.63187519 -1.62740918
 -1.63695004 -1.64874877 -1.66132553 -1.66583475 -1.66726727 -1.6763278
 -1.68241121 -1.69342082 -1.69944072 -1.70581722 -1.70788569 -1.71896506
 -1.72221804 -1.73013124 -1.73732369 -1.74751482 -1.75398296 -1.7595303
 -1.76799984 -1.77163719 -1.78417012 -1.79558484 -1.79594814 -1.80650903
 -1.81045232 -1.82139231 -1.83083671 -1.83510505 -1.850124   -1.85961829
 -1.86856641 -1.87912786 -1.88797602 -1.89375969 -1.90659846 -1.91819399
 -1.9257751  -1.9389511  -1.95072381 -1.96174812 -1.97431051 -1.98779444
 -2.00074728 -2.01432133 -2.028648   -2.0438024  -2.05883952 -2.07340996
 -2.0927132  -2.11094678 -2.12833383 -2.14964823 -2.16979937 -2.18946033
 -2.21475452 -2.23883195 -2.26748524 -2.29744893 -2.32380554 -2.35437568
 -2.39047779 -2.423253   -2.4601821  -2.51409696 -2.54762765 -2.59361173
 -2.62137381 -2.64522876 -2.67881356 -2.69209183 -2.73116222 -2.75470369
 -2.78527486 -2.81403867 -2.84288644 -2.87142455 -2.89988483 -2.92690475
 -2.94872075 -3.13870184 -3.38339847 -3.42026992 -3.46686754 -3.51755154
 -3.55935821 -3.61578622 -3.64085619 -3.68970268 -3.75614371 -3.79434126
 -3.84135797 -3.91834765 -3.94766584 -3.99901344 -4.06888105 -4.13734153
 -4.18053066 -4.24601062 -4.31249771 -4.36104087 -4.43127272 -4.5129082
 -4.59116168 -4.65537943 -4.73082897 -2.93059371 -2.89760565 -2.89091224
 -2.9105432  -2.89708494 -2.9063845  -2.90020641 -2.89739523 -2.91795914
 -2.90700188 -2.9279938  -2.95148101 -2.96492217 -2.95992921 -2.991988
 -3.07819718 -4.02250573 -3.98788758 -3.98620664 -3.94873822 -3.94786903
 -3.96927933 -4.00132546 -4.02370557 -5.03646633 -5.03590841 -5.03070205
 -5.07253345],[-1.59494515e+00 -1.63931753e+00 -1.68187873e+00 -1.33369176e+00
 -1.33813467e+00 -1.36072856e+00 -1.37486609e+00 -1.41524204e+00
 -1.44890239e+00 -1.47643995e+00 -1.52535877e+00 -1.08571040e+00
 -1.05748180e+00 -1.06165043e+00 -1.06114876e+00 -1.06887023e+00
 -1.07303964e+00 -1.09590595e+00 -1.08638168e+00 -1.11055311e+00
 -1.12010575e+00 -1.13049536e+00 -1.15533056e+00 -1.16581651e+00
 -1.17824145e+00 -1.19609605e+00 -1.23435580e+00 -1.26618197e+00
 -2.39522691e+00 -2.41777037e+00 -2.44960310e+00 -2.47812206e+00
 -2.55047851e+00 -2.20943258e+00 -2.14498054e+00 -2.13856988e+00
 -2.13311696e+00 -2.13779982e+00 -2.12711212e+00 -2.15104860e+00
 -2.16028801e+00 -2.20202065e+00 -2.24458865e+00 -3.78961376e+00
 -3.77323043e+00 -3.75838240e+00 -3.72969495e+00 -3.73836134e+00
 -3.71941421e+00 -3.67616292e+00 -3.70376852e+00 -3.55063925e+00
 -3.34734443e+00 -3.16140853e+00 -3.09716507e+00 -3.07377942e+00
 -3.05417234e+00 -3.06051764e+00 -3.02407915e+00 -3.01816371e+00
 -3.00952504e+00 -2.99037174e+00 -2.99400676e+00 -2.87648500e+00
 -2.78969026e+00 -2.71383361e+00 -2.61508558e+00 -2.56533408e+00
 -2.48044586e+00 -2.41027434e+00 -2.34052077e+00 -2.30031319e+00
 -2.23804458e+00 -2.20545687e+00 -2.12869516e+00 -2.10223487e+00
 -2.03498239e+00 -1.99265520e+00 -1.95986784e+00 -1.91011610e+00
 -1.87551309e+00 -1.83623808e+00 -1.79368393e+00 -1.78477748e+00
 -1.72608648e+00 -1.69750741e+00 -1.65374471e+00 -1.65423526e+00
 -1.58879289e+00 -1.58016360e+00 -1.55718819e+00 -1.51354329e+00
 -1.49978823e+00 -1.47737157e+00 -1.43970759e+00 -1.41881185e+00
 -1.39748813e+00 -1.39979824e+00 -1.35219530e+00 -1.32666994e+00
 -1.30342484e+00 -1.29266127e+00 -1.26884692e+00 -1.25538918e+00
 -1.21302472e+00 -1.20101692e+00 -1.18530594e+00 -1.16453541e+00
 -1.14477460e+00 -1.11467397e+00 -1.10954309e+00 -1.08691412e+00
 -1.05903829e+00 -1.04971527e+00 -1.02805985e+00 -1.01628905e+00
 -9.96798660e-01 -9.79114963e-01 -9.47059481e-01 -9.36848343e-01
 -9.22599948e-01 -9.04127673e-01 -8.95034740e-01 -8.67833613e-01
 -8.53955050e-01 -8.33730598e-01 -8.17472427e-01 -7.99883034e-01
 -7.84252718e-01 -7.58076189e-01 -7.34725453e-01 -7.20824117e-01
 -6.98932769e-01 -6.76289956e-01 -6.53699826e-01 -6.37161554e-01
 -6.19774459e-01 -6.01575319e-01 -5.84302537e-01 -5.69351351e-01
 -5.53830886e-01 -5.39735424e-01 -5.26072433e-01 -5.12741671e-01
 -4.99608986e-01 -4.86949921e-01 -4.74537264e-01 -4.63178119e-01
 -4.51336281e-01 -4.39579904e-01 -4.28581256e-01 -4.19677839e-01
 -4.08698391e-01 -4.00371903e-01 -3.88410242e-01 -3.80745528e-01
 -3.69520603e-01 -3.59542264e-01 -3.54123337e-01 -3.43338701e-01
 -3.32688825e-01 -3.28573605e-01 -3.15474351e-01 -3.15947375e-01
 -2.98760111e-01 -2.85174832e-01 -2.82996498e-01 -2.78727839e-01
 -2.70667144e-01 -2.64324600e-01 -2.51234754e-01 -2.47593868e-01
 -2.42760611e-01 -2.35108791e-01 -2.24362409e-01 -2.18018137e-01
 -2.04558818e-01 -2.01192745e-01 -1.94792601e-01 -1.89798245e-01
 -1.85587421e-01 -1.81990490e-01 -1.72185165e-01 -1.63208085e-01
 -1.63544443e-01 -1.49724152e-01 -1.49872933e-01 -1.39804397e-01
 -1.17136195e-01 -1.26540783e-01 -1.18105027e-01 -9.97214629e-02
 -9.60521114e-02 -9.51777598e-02 -9.56162565e-02 -8.65467509e-02
 -7.32950755e-02 -6.96236897e-02 -6.19988655e-02 -6.12602546e-02
 -5.34707120e-02 -4.60323407e-02 -3.15075722e-02 -3.12385840e-02
 -1.77769886e-02 -1.20113021e-02 -4.79787305e-03 -3.24774898e-03
  5.68919422e-03  1.70342576e-02  2.24877811e-02  3.94826317e-02
  3.57491880e-02  3.41390109e-02  6.23789707e-02  6.37815242e-02
  8.53550849e-02  8.63027303e-02  9.21881383e-02  1.17851885e-01
  1.03711370e-01  1.10868880e-01  1.21419345e-01  1.25196412e-01
  1.39067581e-01  1.75081195e-01  1.69405478e-01  1.71776576e-01
  2.12886228e-01  2.05765152e-01  2.14732844e-01  2.43637586e-01
  2.56516166e-01  2.40466847e-01  2.84900194e-01  2.77841622e-01
  2.98660515e-01  3.21039280e-01  3.30272041e-01  3.30124298e-01
  3.74367367e-01  3.96824966e-01  4.07162355e-01  4.39383024e-01
  4.57985387e-01  4.70093456e-01  5.06004959e-01  5.30409170e-01
  5.68914941e-01  6.06337810e-01  6.25660958e-01  6.55655795e-01
  6.98397924e-01  7.25951351e-01  7.61153017e-01  8.36077119e-01
  8.52330608e-01  8.95406551e-01  8.92683177e-01  8.80866769e-01
  8.89017259e-01  8.55679660e-01  8.72535601e-01  8.59026302e-01
  8.57702534e-01  8.52416599e-01  8.46587045e-01  8.39617965e-01
  8.31927777e-01  8.21602181e-01  8.03704475e-01  1.00878094e+00
  1.26804566e+00  1.25131446e+00  1.24560523e+00  1.24322985e+00
  1.22936609e+00  1.23025752e+00  1.19674995e+00  1.18731857e+00
  1.19350447e+00  1.17089925e+00  1.15563616e+00  1.16525184e+00
  1.13198129e+00  1.11647815e+00  1.11409024e+00  1.10830119e+00
  1.08196616e+00  1.07038892e+00  1.05751098e+00  1.03100092e+00
  1.01694284e+00  1.00760483e+00  9.93690201e-01  9.69579291e-01
  9.49672671e-01 -2.67443138e-02 -6.30708489e-02 -8.54012696e-02
 -9.54387987e-02 -1.20023498e-01 -1.34602219e-01 -1.55229950e-01
 -1.74146222e-01 -1.84693869e-01 -2.06049903e-01 -2.17038689e-01
 -2.27926154e-01 -2.42206544e-01 -2.61405534e-01 -2.71734787e-01
 -2.71620603e-01 -2.53007754e-01 -2.92373749e-01 -3.27528732e-01
 -3.64999200e-01 -3.99177000e-01 -4.32498350e-01 -4.66347654e-01
 -5.01289560e-01 -5.54905920e-01 -6.07917160e-01 -6.60728247e-01
 -7.16773331e-01]
[-4.85171306 -4.81088634 -4.79088068 -3.85991642 -3.77626049 -3.74321478
 -3.73666188 -3.69433591 -3.70314828 -3.71327715 -3.70979445 -2.86161652
 -2.79619293 -2.78715202 -2.74805647 -2.72346223 -2.70549442 -2.69788716
 -2.69209855 -2.67011336 -2.65766551 -2.64663749 -2.6477437  -2.64065514
 -2.63716478 -2.63723074 -2.62697251 -2.65733023 -3.53393436 -3.49390945
 -3.47568659 -3.45151265 -3.43718147 -2.65789558 -2.59501345 -2.55743216
 -2.52366828 -2.50416267 -2.46994132 -2.44069254 -2.41520732 -2.38982233
 -2.3743311  -2.63333977 -2.57844466 -2.5132371  -2.45264267 -2.39464356
 -2.33629025 -2.27836369 -2.22082312 -2.15909162 -2.09803235 -2.0451619
 -1.99861298 -1.95381097 -1.90973764 -1.8651853  -1.82176937 -1.77745988
 -1.73531803 -1.69085645 -1.649333   -1.6188656  -1.59565304 -1.57074807
 -1.54522583 -1.52231893 -1.50387793 -1.48252285 -1.46726802 -1.45204475
 -1.43729404 -1.4220346  -1.40093306 -1.38917137 -1.37343041 -1.36000335
 -1.35162756 -1.34243416 -1.32456375 -1.31363552 -1.30539628 -1.28383701
 -1.29076018 -1.27533698 -1.25905046 -1.2655878  -1.25065382 -1.23580821
 -1.21853739 -1.23590651 -1.22113562 -1.20641025 -1.20873185 -1.20701317
 -1.1923819  -1.18908379 -1.1789458  -1.16745517 -1.17080947 -1.1388842
 -1.15890114 -1.14482801 -1.13345867 -1.13159507 -1.11777181 -1.12291227
 -1.11898605 -1.10587835 -1.10155958 -1.10594922 -1.09913789 -1.07347819
 -1.10401898 -1.05564579 -1.06421074 -1.06227874 -1.04566752 -1.06115319
 -1.0535308  -1.02721861 -1.03926705 -1.04258513 -1.03836037 -1.01309531
 -1.02423787 -0.99907797 -1.00648872 -1.0212277  -1.04172619 -1.0719746
 -1.08080492 -1.09740866 -1.12001295 -1.13437122 -1.15559296 -1.15905786
 -1.19432225 -1.18955091 -1.22392447 -1.25237056 -1.24250209 -1.23568719
 -1.24451214 -1.28345613 -1.31610366 -1.31653052 -1.32744615 -1.33004156
 -1.31900284 -1.35448402 -1.36190116 -1.34892564 -1.37480115 -1.3836903
 -1.37038858 -1.39622273 -1.40996787 -1.41556839 -1.41592735 -1.43942217
 -1.4409958  -1.44800247 -1.43661144 -1.4621022  -1.46208552 -1.48610996
 -1.49360623 -1.48635427 -1.50753721 -1.50577311 -1.50574595 -1.51137882
 -1.54134094 -1.53591088 -1.54758172 -1.548929   -1.54826971 -1.55099052
 -1.56414763 -1.57418972 -1.56807025 -1.58488449 -1.58091199 -1.59667943
 -1.62061765 -1.60781144 -1.60857144 -1.62724485 -1.62649978 -1.64005148
 -1.6526957  -1.65283987 -1.64624661 -1.66094389 -1.66750541 -1.67570619
 -1.68164649 -1.69430918 -1.69737126 -1.69942276 -1.70788281 -1.72000149
 -1.72205472 -1.73477888 -1.74504359 -1.75015201 -1.74695686 -1.75403646
 -1.77050647 -1.76991898 -1.78102401 -1.78699708 -1.79799431 -1.80826472
 -1.81538304 -1.82308908 -1.83163707 -1.83825669 -1.84609306 -1.8542129
 -1.86834896 -1.87512548 -1.88736006 -1.89745261 -1.90584608 -1.91683863
 -1.92601838 -1.93766323 -1.94990226 -1.96135461 -1.97490516 -1.98745141
 -2.00065075 -2.01410566 -2.02936089 -2.0434     -2.05906639 -2.07538719
 -2.09161939 -2.11223921 -2.12851282 -2.14783367 -2.16862303 -2.18909822
 -2.21379976 -2.23516748 -2.26407131 -2.29155739 -2.32692884 -2.35720251
 -2.38916356 -2.42831322 -2.46691955 -2.497867   -2.555077   -2.59832238
 -2.62209556 -2.64961366 -2.67066339 -2.70146296 -2.72306265 -2.76623007
 -2.78246264 -2.82294295 -2.84071787 -2.87406556 -2.8939708  -2.93319591
 -2.96293982 -3.13563921 -3.38732361 -3.42683812 -3.46970327 -3.50574018
 -3.55728221 -3.60422102 -3.65519916 -3.69545377 -3.7396546  -3.79123137
 -3.84733185 -3.9209116  -3.95685271 -4.00735522 -4.04586994 -4.12717596
 -4.18305309 -4.24557751 -4.31943493 -4.37760264 -4.43974039 -4.51407316
 -4.59020406 -4.66053175 -4.74106691 -2.93123522 -2.91346536 -2.90170074
 -2.90346086 -2.89389336 -2.87841392 -2.87320508 -2.90897209 -2.90664948
 -2.92765258 -2.90565742 -2.94608873 -2.9514344  -2.9792674  -3.00477521
 -3.06219488 -4.00541502 -3.9903075  -3.96465722 -3.96454899 -3.95845164
 -3.9883142  -3.97432187 -4.0264944  -5.04157747 -5.03936592 -5.04001893
 -5.06279591],[-1.59661968 -1.63761647 -1.68661426 -1.32938928 -1.32954084 -1.35147299
 -1.38613797 -1.40214631 -1.44535084 -1.49047264 -1.52868168 -1.08183199
 -1.05811902 -1.07252327 -1.06430177 -1.06582172 -1.07188596 -1.08619237
 -1.10223798 -1.10397206 -1.11388643 -1.12506033 -1.14837533 -1.16406274
 -1.18393973 -1.20840635 -1.22195261 -1.28415356 -2.39641663 -2.41431599
 -2.46057435 -2.50017664 -2.55494173 -2.2165623  -2.13742428 -2.12161646
 -2.11450793 -2.15208352 -2.14205932 -2.14806347 -2.16894839 -2.19246499
 -2.26556784 -3.76800486 -3.79128111 -3.75219593 -3.73379622 -3.72897896
 -3.71680348 -3.70221085 -3.68331755 -3.56810736 -3.3521176  -3.17056203
 -3.06401416 -3.06660538 -3.04534711 -3.04609732 -3.02919593 -3.02792668
 -3.00528296 -3.00659181 -2.98540281 -2.898057   -2.7860346  -2.70206859
 -2.63399607 -2.56410634 -2.48540766 -2.42722943 -2.35422596 -2.28897717
 -2.22880777 -2.17574723 -2.14331061 -2.08884762 -2.04855295 -2.00562141
 -1.95429875 -1.90831153 -1.88309141 -1.84540489 -1.80479259 -1.79047519
 -1.72703757 -1.70469191 -1.68446267 -1.62967959 -1.60977355 -1.59023623
 -1.57447615 -1.51295548 -1.49589514 -1.47901897 -1.4420603  -1.41132759
 -1.39606778 -1.36874814 -1.34939248 -1.33172663 -1.29995386 -1.30220682
 -1.25657946 -1.24264792 -1.22638244 -1.2025068  -1.18856389 -1.16024756
 -1.13942155 -1.12540172 -1.10534755 -1.07996273 -1.06228737 -1.05606727
 -1.01668799 -1.02282871 -0.9969494  -0.977182   -0.96484418 -0.93719616
 -0.9208016  -0.9123153  -0.88757036 -0.86693421 -0.84942748 -0.8392252
 -0.81646286 -0.80541806 -0.78429863 -0.7616877  -0.73836666 -0.71371504
 -0.69485139 -0.67492784 -0.654662   -0.63660767 -0.61819205 -0.60277446
 -0.58422056 -0.5704411  -0.55382379 -0.5387522  -0.52601453 -0.51289637
 -0.49955764 -0.48707084 -0.47571241 -0.46377196 -0.45256419 -0.44097728
 -0.42800399 -0.42033743 -0.40991747 -0.39646296 -0.38935427 -0.37979506
 -0.36575095 -0.36019623 -0.35248    -0.34299041 -0.33210138 -0.32820395
 -0.31795179 -0.30951214 -0.29450736 -0.29309358 -0.28223279 -0.28143905
 -0.27410749 -0.26003646 -0.25936901 -0.24772616 -0.23673682 -0.22868224
 -0.23473494 -0.22067249 -0.21682031 -0.20658181 -0.19480056 -0.18508476
 -0.18281655 -0.17860489 -0.16199336 -0.16329987 -0.14777552 -0.14882917
 -0.15784032 -0.13368192 -0.12138534 -0.12662887 -0.1125894  -0.11335613
 -0.11362518 -0.0999576  -0.07769501 -0.08057474 -0.0736795  -0.06888115
 -0.06103273 -0.06262297 -0.05049575 -0.03627481 -0.03161057 -0.03307916
 -0.01761298 -0.02053362 -0.01947076 -0.00857107  0.01996972  0.0286788
  0.01668367  0.04336281  0.04336467  0.05635512  0.05653714  0.05844927
  0.06990966  0.08048494  0.08911551  0.10576428  0.11959928  0.13399763
  0.12206225  0.14543191  0.14210416  0.15114602  0.1741849   0.18218137
  0.20974566  0.21960598  0.22534398  0.24956178  0.23664049  0.2556165
  0.2716694   0.27083273  0.32124634  0.31515169  0.33477605  0.35360414
  0.36489179  0.40804882  0.40909092  0.42856175  0.45187165  0.4687242
  0.50197558  0.51499686  0.55564587  0.58476725  0.63687     0.66520454
  0.69466726  0.74090866  0.77990555  0.79413783  0.87098867  0.90672748
  0.89453406  0.89047874  0.87254799  0.87425124  0.85752517  0.87998398
  0.85302559  0.86739644  0.84329681  0.84384947  0.8233365   0.83073549
  0.82340593  1.00487322  1.27321051  1.25955864  1.24911998  1.22979497
  1.22719557  1.21799944  1.21171002  1.19318515  1.17772006  1.16811932
  1.16112217  1.16758886  1.13978873  1.12333046  1.09623781  1.10075136
  1.08389481  1.07018207  1.06227779  1.04183342  1.02231621  1.0083911
  0.99322328  0.9725143   0.95518941 -0.02633883 -0.05527036 -0.08030324
 -0.09851345 -0.12130435 -0.14581341 -0.16550786 -0.16987435 -0.18851586
 -0.19929124 -0.22379159 -0.22940938 -0.24575399 -0.25654041 -0.26873637
 -0.27495891 -0.25505067 -0.2920775  -0.32935895 -0.36386302 -0.39859013
 -0.43180809 -0.46676685 -0.50125716 -0.55496566 -0.60800896 -0.66119272
 -0.71605848]
[-4.87913797 -4.80534639 -4.77845699 -3.87657516 -3.7929673  -3.7549916
 -3.7453905  -3.71461538 -3.70866536 -3.70512555 -3.72704806 -2.85809598
 -2.79535976 -2.78165938 -2.73506438 -2.72834835 -2.70557878 -2.69092198
 -2.68205523 -2.6681767  -2.66023302 -2.65783478 -2.65026833 -2.64069545
 -2.63007072 -2.63259651 -2.63368739 -2.64179684 -3.53116034 -3.48822322
 -3.46857195 -3.44040617 -3.4366958  -2.65610191 -2.59866367 -2.55492298
 -2.52379187 -2.50025139 -2.46983312 -2.4417042  -2.41495559 -2.39450002
 -2.37199109 -2.63575381 -2.56911797 -2.51284462 -2.45362963 -2.3941779
 -2.33622413 -2.27743074 -2.21973867 -2.15917633 -2.09762651 -2.0446028
 -1.99805195 -1.95317775 -1.90849068 -1.86523513 -1.81958276 -1.77796579
 -1.73262848 -1.69252456 -1.65061431 -1.62041022 -1.59350597 -1.56885876
 -1.54498126 -1.52391711 -1.50087184 -1.48625559 -1.4643354  -1.4525391
 -1.42677919 -1.41719632 -1.40553753 -1.38502388 -1.37700246 -1.36259693
 -1.33981849 -1.33311877 -1.32376741 -1.31719296 -1.29964888 -1.30378767
 -1.28179242 -1.27105097 -1.26341405 -1.25626558 -1.25554065 -1.24365708
 -1.23299658 -1.23093741 -1.21377849 -1.21803269 -1.2099199  -1.18701079
 -1.18717246 -1.18247079 -1.1774439  -1.17163125 -1.15538749 -1.13326097
 -1.1385482  -1.1411717  -1.13377681 -1.14265794 -1.13917293 -1.11243144
 -1.11312036 -1.08664651 -1.0977831  -1.09738388 -1.09122928 -1.07376328
 -1.08522213 -1.0726045  -1.08221873 -1.08535573 -1.04672331 -1.06626602
 -1.05016028 -1.03958542 -1.05525333 -1.04038762 -1.01826943 -1.03074857
 -1.01903519 -1.01657787 -1.00126552 -1.01032725 -1.04738386 -1.06220805
 -1.08981679 -1.09727323 -1.11346684 -1.15685184 -1.15337765 -1.18343759
 -1.17827804 -1.19084524 -1.20430396 -1.21678539 -1.25789104 -1.26322539
 -1.27666146 -1.27193564 -1.29128804 -1.29241242 -1.31608488 -1.32183936
 -1.33146183 -1.35473042 -1.34558608 -1.37330785 -1.36074681 -1.37830924
 -1.38694284 -1.37849764 -1.40290726 -1.41771629 -1.41347048 -1.43318942
 -1.44220235 -1.45216852 -1.45576717 -1.47718182 -1.46853184 -1.47926209
 -1.48631368 -1.49504986 -1.49084012 -1.51079016 -1.5225506  -1.51870503
 -1.52215376 -1.52328891 -1.53314745 -1.54919571 -1.54786808 -1.54993803
 -1.56038258 -1.56184726 -1.57433942 -1.58357327 -1.59119645 -1.6026414
 -1.61675939 -1.60784617 -1.61604976 -1.63073876 -1.62930599 -1.64937846
 -1.65313623 -1.65463698 -1.65948927 -1.6627689  -1.67133725 -1.66241717
 -1.6806161  -1.68255501 -1.69983786 -1.7002363  -1.71446063 -1.72358706
 -1.72699884 -1.72895024 -1.73108321 -1.7442177  -1.75689417 -1.75237646
 -1.76772608 -1.77694011 -1.78215023 -1.79376271 -1.80302033 -1.80715755
 -1.81207204 -1.8206251  -1.83113849 -1.83479946 -1.84395995 -1.85550594
 -1.86855927 -1.87728129 -1.88163035 -1.89482218 -1.90597692 -1.91770957
 -1.92795144 -1.93881727 -1.95049883 -1.96155591 -1.97353368 -1.98674579
 -2.00008956 -2.01425471 -2.02829707 -2.04372171 -2.05863174 -2.07403168
 -2.09438844 -2.10798403 -2.12645149 -2.15109602 -2.16898829 -2.19125839
 -2.21452867 -2.23917534 -2.26431187 -2.2937856  -2.31696347 -2.35522892
 -2.3800001  -2.41772238 -2.46408775 -2.50362079 -2.54710008 -2.59562875
 -2.62246455 -2.65566884 -2.67821983 -2.70817513 -2.73269516 -2.75707685
 -2.78530718 -2.82212026 -2.83730792 -2.86844131 -2.88630337 -2.93477449
 -2.95779803 -3.14201269 -3.3777403  -3.42913762 -3.46261322 -3.50639981
 -3.55322215 -3.61146335 -3.64566681 -3.69406777 -3.74204709 -3.78585359
 -3.83335509 -3.91403666 -3.95243651 -4.00584104 -4.0582438  -4.13240905
 -4.19348508 -4.23732051 -4.30679518 -4.36828367 -4.46509762 -4.49973296
 -4.58003004 -4.65777167 -4.73596994 -2.93881038 -2.91455144 -2.90583084
 -2.89615385 -2.89146093 -2.89350974 -2.9127908  -2.90675549 -2.89480299
 -2.92294677 -2.92075543 -2.93187865 -2.95572987 -2.98456798 -2.9945745
 -3.05577502 -4.00806019 -3.99604998 -3.9664849  -3.96827486 -3.96035439
 -3.96191966 -4.00282523 -4.03219655 -5.07398523 -5.05354195 -5.04236627
 -5.0709072 ],[-1.60716606e+00 -1.63538520e+00 -1.68135410e+00 -1.33685237e+00
 -1.33738948e+00 -1.35728347e+00 -1.39066192e+00 -1.41302712e+00
 -1.44850814e+00 -1.48586723e+00 -1.53918370e+00 -1.07961598e+00
 -1.05771095e+00 -1.06871826e+00 -1.05470489e+00 -1.06986524e+00
 -1.07219150e+00 -1.08059412e+00 -1.09376699e+00 -1.10251380e+00
 -1.11658915e+00 -1.13621069e+00 -1.15124622e+00 -1.16446751e+00
 -1.17670647e+00 -1.20365802e+00 -1.23011373e+00 -1.26606868e+00
 -2.39346074e+00 -2.40752792e+00 -2.45164630e+00 -2.48542316e+00
 -2.55482900e+00 -2.21311979e+00 -2.14879051e+00 -2.11572061e+00
 -2.11639183e+00 -2.14087298e+00 -2.14341292e+00 -2.15371690e+00
 -2.16996060e+00 -2.21498686e+00 -2.25693865e+00 -3.78312352e+00
 -3.74115124e+00 -3.75302234e+00 -3.74461434e+00 -3.72950968e+00
 -3.72128409e+00 -3.69766508e+00 -3.67548881e+00 -3.58027616e+00
 -3.35629980e+00 -3.17020449e+00 -3.07088974e+00 -3.07062712e+00
 -3.06455933e+00 -3.03444359e+00 -3.05208757e+00 -3.01565153e+00
 -3.02524283e+00 -2.98834896e+00 -2.97216814e+00 -2.88462777e+00
 -2.79480762e+00 -2.70868767e+00 -2.63231769e+00 -2.55458413e+00
 -2.49499180e+00 -2.41104571e+00 -2.36227837e+00 -2.28533250e+00
 -2.25917790e+00 -2.18794285e+00 -2.12894298e+00 -2.09797054e+00
 -2.03813753e+00 -1.99799808e+00 -1.97931616e+00 -1.92685034e+00
 -1.88336764e+00 -1.83712827e+00 -1.81432617e+00 -1.75331785e+00
 -1.74137108e+00 -1.71067562e+00 -1.67638491e+00 -1.64294494e+00
 -1.60149948e+00 -1.57803311e+00 -1.55362076e+00 -1.51858917e+00
 -1.50437402e+00 -1.46378344e+00 -1.43976925e+00 -1.43345539e+00
 -1.40101451e+00 -1.37502046e+00 -1.35015576e+00 -1.32678532e+00
 -1.31407725e+00 -1.30671136e+00 -1.27416790e+00 -1.24512475e+00
 -1.22543497e+00 -1.19289491e+00 -1.17121585e+00 -1.16750214e+00
 -1.14305951e+00 -1.13824691e+00 -1.10730217e+00 -1.08494237e+00
 -1.06666083e+00 -1.05534789e+00 -1.02698982e+00 -1.01291946e+00
 -9.86878648e-01 -9.64943946e-01 -9.63844667e-01 -9.34342364e-01
 -9.21838066e-01 -9.06624647e-01 -8.80684049e-01 -8.67348646e-01
 -8.56309592e-01 -8.32753189e-01 -8.17755041e-01 -7.99695412e-01
 -7.85419389e-01 -7.64238276e-01 -7.36607024e-01 -7.15621129e-01
 -6.92609390e-01 -6.74631978e-01 -6.55500081e-01 -6.32759095e-01
 -6.18209870e-01 -5.99513867e-01 -5.85624559e-01 -5.70066050e-01
 -5.54930920e-01 -5.40352266e-01 -5.25253209e-01 -5.12208904e-01
 -4.99363385e-01 -4.86658536e-01 -4.74636198e-01 -4.62308495e-01
 -4.51587800e-01 -4.40089449e-01 -4.29165807e-01 -4.20222313e-01
 -4.07478735e-01 -4.00214289e-01 -3.86751549e-01 -3.78640025e-01
 -3.69184707e-01 -3.56007337e-01 -3.50639963e-01 -3.43502663e-01
 -3.31341057e-01 -3.26250612e-01 -3.18311693e-01 -3.10927342e-01
 -3.01481542e-01 -2.98892573e-01 -2.84852982e-01 -2.78549882e-01
 -2.70889376e-01 -2.64143572e-01 -2.51270417e-01 -2.50356239e-01
 -2.45767441e-01 -2.32843930e-01 -2.23749275e-01 -2.13198744e-01
 -2.07922680e-01 -2.06903084e-01 -1.94691127e-01 -1.84523004e-01
 -1.80268391e-01 -1.69498235e-01 -1.67118886e-01 -1.62473966e-01
 -1.56669481e-01 -1.54288621e-01 -1.54649792e-01 -1.34019980e-01
 -1.28940031e-01 -1.30470319e-01 -1.15861956e-01 -1.23753960e-01
 -1.14519969e-01 -1.02454595e-01 -9.39467616e-02 -8.33054921e-02
 -7.90895648e-02 -5.17492219e-02 -6.01658559e-02 -4.63964666e-02
 -5.47698316e-02 -3.81735601e-02 -4.28296953e-02 -3.97685722e-02
 -2.69401193e-02 -1.07950743e-02  5.98907539e-03  2.21302502e-03
 -1.36562987e-03  3.12625661e-02  2.19003395e-02  2.56941155e-02
  3.94058705e-02  3.74588311e-02  4.13834223e-02  6.02649768e-02
  7.86179920e-02  8.69508391e-02  8.91261102e-02  1.16829433e-01
  1.26152087e-01  1.26176739e-01  1.18656468e-01  1.31645112e-01
  1.71760370e-01  1.64504340e-01  1.69484241e-01  1.70708161e-01
  1.86130070e-01  2.00126182e-01  2.08917509e-01  2.35138530e-01
  2.60598664e-01  2.64662747e-01  2.64783323e-01  3.10120229e-01
  3.07192871e-01  3.31936258e-01  3.36722595e-01  3.44753443e-01
  3.96565132e-01  3.78293998e-01  3.98647513e-01  4.52794578e-01
  4.57296909e-01  4.82870922e-01  5.08220780e-01  5.34928162e-01
  5.59050140e-01  5.95350234e-01  6.04348416e-01  6.60795029e-01
  6.68448145e-01  7.12039914e-01  7.73881373e-01  8.10761976e-01
  8.52869965e-01  9.01916441e-01  8.96824468e-01  9.04850057e-01
  8.89371289e-01  8.88710328e-01  8.76874712e-01  8.64712375e-01
  8.59123022e-01  8.67168972e-01  8.38951442e-01  8.36271140e-01
  8.13022850e-01  8.33995585e-01  8.17317742e-01  1.01427276e+00
  1.26188610e+00  1.26329592e+00  1.24155805e+00  1.23140703e+00
  1.22352402e+00  1.22656719e+00  1.20264136e+00  1.19257139e+00
  1.18077911e+00  1.16384362e+00  1.14926806e+00  1.16231779e+00
  1.13676875e+00  1.12277059e+00  1.10654206e+00  1.10532324e+00
  1.09208282e+00  1.06501178e+00  1.05435290e+00  1.03636523e+00
  1.03870152e+00  1.00033509e+00  9.87893036e-01  9.71509194e-01
  9.52993348e-01 -2.19873130e-02 -5.42559898e-02 -7.79068637e-02
 -1.01299572e-01 -1.21884838e-01 -1.39286138e-01 -1.49912402e-01
 -1.70263003e-01 -1.92181182e-01 -2.00422210e-01 -2.18801573e-01
 -2.33101053e-01 -2.44242687e-01 -2.54869486e-01 -2.70742319e-01
 -2.75987082e-01 -2.54445140e-01 -2.91204950e-01 -3.28937449e-01
 -3.63351818e-01 -3.98248382e-01 -4.32480200e-01 -4.66063004e-01
 -5.01046619e-01 -5.55346795e-01 -6.08318046e-01 -6.61132296e-01
 -7.16455523e-01]
[-4.8584905  -4.80517605 -4.78802496 -3.83772574 -3.78863622 -3.7599516
 -3.72192515 -3.70262412 -3.70142768 -3.69295339 -3.71641406 -2.8602722
 -2.79498362 -2.77283239 -2.76642233 -2.71077267 -2.70033559 -2.69453242
 -2.67981001 -2.6747316  -2.66344456 -2.63558826 -2.64418575 -2.64534275
 -2.63710299 -2.6416272  -2.63399006 -2.63626966 -3.53012116 -3.50397194
 -3.46906468 -3.43542741 -3.4369166  -2.65381802 -2.59745142 -2.56342606
 -2.53057411 -2.49818216 -2.46809853 -2.44288371 -2.40912977 -2.39151442
 -2.37094172 -2.63542007 -2.57461462 -2.51666186 -2.45426934 -2.39350943
 -2.33551597 -2.27827297 -2.22049671 -2.159778   -2.09786103 -2.0450034
 -1.99847005 -1.95365843 -1.90929858 -1.86626889 -1.82100417 -1.77866361
 -1.73585481 -1.69182897 -1.64753183 -1.6211866  -1.59288022 -1.56826544
 -1.5488827  -1.52248246 -1.50380714 -1.48463337 -1.47044856 -1.45449797
 -1.43313126 -1.42077149 -1.40002391 -1.3956092  -1.37308108 -1.35754869
 -1.35042195 -1.34083423 -1.32111428 -1.320049   -1.30867243 -1.29771924
 -1.27752238 -1.27420805 -1.27624346 -1.26027255 -1.24055912 -1.24074302
 -1.23412634 -1.22129241 -1.21753967 -1.21944743 -1.19595456 -1.20179248
 -1.18269346 -1.17568937 -1.17622417 -1.15558695 -1.16134309 -1.16712202
 -1.15486417 -1.13814219 -1.12945088 -1.13942287 -1.11497317 -1.115471
 -1.09059817 -1.12179519 -1.09592412 -1.09181903 -1.08654059 -1.09288785
 -1.09592652 -1.06711153 -1.08117279 -1.06971828 -1.06944718 -1.06078709
 -1.05615472 -1.04465098 -1.04434368 -1.0217442  -1.01636376 -1.03578378
 -1.01026156 -1.01788809 -1.01210456 -1.01323675 -1.02683355 -1.07157439
 -1.08358921 -1.09299063 -1.12339378 -1.13699008 -1.15798529 -1.18068596
 -1.19381134 -1.21662137 -1.19132149 -1.22610396 -1.22908122 -1.25086954
 -1.2764148  -1.28656595 -1.27193936 -1.31362932 -1.31058781 -1.34030868
 -1.32683914 -1.35150348 -1.33196446 -1.35244777 -1.36008681 -1.38357232
 -1.37277031 -1.39973884 -1.39491835 -1.405156   -1.42302213 -1.43699104
 -1.45992866 -1.44331899 -1.47085895 -1.45678966 -1.4733338  -1.47748011
 -1.48852579 -1.5017754  -1.5133071  -1.51387666 -1.51473321 -1.53667658
 -1.52448883 -1.52542127 -1.5409041  -1.55542736 -1.55178091 -1.55461213
 -1.57458728 -1.57847721 -1.57152333 -1.5784238  -1.58975225 -1.59677828
 -1.60748984 -1.61173963 -1.6247381  -1.62460526 -1.63007566 -1.64186044
 -1.63648886 -1.65478775 -1.65165232 -1.6680719  -1.66940205 -1.67141713
 -1.69025726 -1.69361381 -1.70027621 -1.71698489 -1.70807606 -1.71342433
 -1.73109035 -1.73581449 -1.73519895 -1.7484564  -1.7539765  -1.74868473
 -1.76506142 -1.77140734 -1.78234951 -1.78443188 -1.794189   -1.80476396
 -1.81328741 -1.82545948 -1.83079435 -1.83674289 -1.84297026 -1.85828782
 -1.86764446 -1.87857047 -1.88423278 -1.89630595 -1.90651592 -1.91383038
 -1.92818505 -1.93839471 -1.94952508 -1.96249187 -1.97492681 -1.98715888
 -2.00052211 -2.01433207 -2.02893338 -2.04278539 -2.05989132 -2.07590498
 -2.09309812 -2.11143643 -2.12888435 -2.15017126 -2.17002416 -2.19014021
 -2.21579721 -2.24097141 -2.26576819 -2.29141181 -2.32067016 -2.35247788
 -2.3923329  -2.42451461 -2.45850001 -2.49718231 -2.55314632 -2.59263151
 -2.62245448 -2.64850736 -2.68444398 -2.70175382 -2.73755839 -2.75594974
 -2.77881888 -2.81090463 -2.83207598 -2.86999082 -2.89552684 -2.93159679
 -2.95659543 -3.14043389 -3.37034602 -3.43283768 -3.45400554 -3.50848568
 -3.56254899 -3.61488692 -3.65273683 -3.71023655 -3.74707799 -3.80156014
 -3.84620688 -3.89729228 -3.95660098 -4.01543845 -4.0534349  -4.11909072
 -4.18494427 -4.24870937 -4.32516356 -4.36932356 -4.43892388 -4.52446696
 -4.58048083 -4.66530065 -4.74563799 -2.91326802 -2.90417767 -2.90779457
 -2.90082532 -2.89650626 -2.90015362 -2.89818345 -2.88520136 -2.91486416
 -2.91926205 -2.9238755  -2.93145463 -2.94248689 -2.97907104 -2.99234901
 -3.08917084 -4.01258096 -4.00046434 -3.97379958 -3.96690121 -3.98596062
 -3.97346746 -3.98909717 -4.02707995 -5.04668592 -5.0202858  -5.047976
 -5.05668698],[-1.59922552e+00 -1.63530755e+00 -1.68540508e+00 -1.31950110e+00
 -1.33533185e+00 -1.35966260e+00 -1.37863475e+00 -1.40657963e+00
 -1.44441874e+00 -1.47874834e+00 -1.53269406e+00 -1.08096369e+00
 -1.05731435e+00 -1.06215291e+00 -1.07820958e+00 -1.05594942e+00
 -1.06776149e+00 -1.08343623e+00 -1.09160901e+00 -1.10820622e+00
 -1.11935726e+00 -1.11445691e+00 -1.14489750e+00 -1.16901221e+00
 -1.18396782e+00 -1.21339481e+00 -1.23014051e+00 -1.25913425e+00
 -2.39181844e+00 -2.42733443e+00 -2.45190488e+00 -2.47814482e+00
 -2.55470616e+00 -2.20622591e+00 -2.14446038e+00 -2.13940533e+00
 -2.13617676e+00 -2.13287662e+00 -2.13604507e+00 -2.15672202e+00
 -2.14500850e+00 -2.20035843e+00 -2.25016929e+00 -3.77939747e+00
 -3.77021019e+00 -3.77472187e+00 -3.74635010e+00 -3.72076600e+00
 -3.71065398e+00 -3.70269376e+00 -3.68053602e+00 -3.58395685e+00
 -3.35107343e+00 -3.16925258e+00 -3.07309625e+00 -3.06739347e+00
 -3.05378512e+00 -3.02301643e+00 -3.03804325e+00 -3.01265202e+00
 -2.99885333e+00 -2.99754485e+00 -2.99713611e+00 -2.88254354e+00
 -2.80087465e+00 -2.71404149e+00 -2.61614585e+00 -2.56275341e+00
 -2.48508809e+00 -2.41880740e+00 -2.34262842e+00 -2.28046898e+00
 -2.24111777e+00 -2.17895686e+00 -2.14537377e+00 -2.07169659e+00
 -2.04902340e+00 -2.01101809e+00 -1.95664087e+00 -1.91138974e+00
 -1.88981843e+00 -1.83251424e+00 -1.79832888e+00 -1.76516632e+00
 -1.74964295e+00 -1.70628662e+00 -1.65671269e+00 -1.63758893e+00
 -1.62446322e+00 -1.58294858e+00 -1.55280528e+00 -1.53208912e+00
 -1.50026311e+00 -1.46271684e+00 -1.45705207e+00 -1.41711484e+00
 -1.40660907e+00 -1.38289396e+00 -1.35201207e+00 -1.34338995e+00
 -1.30889856e+00 -1.27572571e+00 -1.26003317e+00 -1.24828019e+00
 -1.22957288e+00 -1.19601159e+00 -1.19058729e+00 -1.16569126e+00
 -1.15986721e+00 -1.11412186e+00 -1.10899800e+00 -1.08898445e+00
 -1.07000945e+00 -1.04428530e+00 -1.02122122e+00 -1.01635310e+00
 -9.87817715e-01 -9.73274047e-01 -9.53143992e-01 -9.37249500e-01
 -9.19521067e-01 -9.04816908e-01 -8.85414329e-01 -8.74813917e-01
 -8.57315341e-01 -8.31328091e-01 -8.20896935e-01 -7.99584762e-01
 -7.82599603e-01 -7.63733799e-01 -7.41982871e-01 -7.13722435e-01
 -6.94179124e-01 -6.75704093e-01 -6.53990751e-01 -6.36119739e-01
 -6.17784984e-01 -6.00062380e-01 -5.84206486e-01 -5.68024361e-01
 -5.56020977e-01 -5.40052465e-01 -5.26417177e-01 -5.12585230e-01
 -4.99524118e-01 -4.87076414e-01 -4.74094937e-01 -4.63572333e-01
 -4.51331597e-01 -4.41840874e-01 -4.28793903e-01 -4.19933493e-01
 -4.05657812e-01 -3.96991786e-01 -3.86721706e-01 -3.79745778e-01
 -3.66234950e-01 -3.60988999e-01 -3.48699255e-01 -3.40177445e-01
 -3.34126908e-01 -3.27448105e-01 -3.24107926e-01 -3.07890648e-01
 -3.06993195e-01 -2.91050367e-01 -2.86787961e-01 -2.77775066e-01
 -2.71850059e-01 -2.67250068e-01 -2.62201629e-01 -2.51878464e-01
 -2.41542626e-01 -2.42748492e-01 -2.25018076e-01 -2.14390645e-01
 -2.12674971e-01 -2.10843895e-01 -1.97211823e-01 -1.87667295e-01
 -1.90458120e-01 -1.81890543e-01 -1.64749113e-01 -1.58120014e-01
 -1.55265068e-01 -1.48981845e-01 -1.46076380e-01 -1.37424845e-01
 -1.37096314e-01 -1.24070698e-01 -1.16386412e-01 -1.15392997e-01
 -9.57034191e-02 -1.02306514e-01 -8.42563495e-02 -8.95051080e-02
 -7.62333642e-02 -6.33118389e-02 -7.30361928e-02 -6.17722346e-02
 -5.49593301e-02 -6.35133530e-02 -3.20876355e-02 -2.22939696e-02
 -3.34708091e-02 -2.26000853e-02 -1.13443423e-03 -5.45556476e-03
  5.32552551e-03  3.99314994e-02  2.86771432e-02  3.95788570e-02
  3.97900694e-02  6.27438983e-02  6.66863724e-02  6.82891086e-02
  7.60014830e-02  7.23167785e-02  9.16333174e-02  1.10965979e-01
  1.31656569e-01  1.15753253e-01  1.24790408e-01  1.26993793e-01
  1.59173311e-01  1.57595272e-01  1.68467020e-01  2.05732464e-01
  1.87745339e-01  2.09654859e-01  2.28853118e-01  2.25000874e-01
  2.32051151e-01  2.64865470e-01  2.86454734e-01  2.91036719e-01
  3.13141673e-01  3.06208957e-01  3.48474807e-01  3.61096528e-01
  3.80233935e-01  4.02712114e-01  4.12751066e-01  4.44181445e-01
  4.60620572e-01  4.74826362e-01  5.12043528e-01  5.40714349e-01
  5.63037891e-01  5.84790963e-01  6.15625766e-01  6.50287138e-01
  7.04877270e-01  7.30350769e-01  7.57247696e-01  7.92768611e-01
  8.66611860e-01  8.93720395e-01  8.95700833e-01  8.88458059e-01
  9.01093712e-01  8.75144256e-01  8.85059368e-01  8.61765712e-01
  8.47014678e-01  8.47671070e-01  8.29758936e-01  8.37848280e-01
  8.25897477e-01  8.28704294e-01  8.14927335e-01  1.01146365e+00
  1.25173686e+00  1.26718137e+00  1.23065255e+00  1.23316093e+00
  1.23324380e+00  1.22962402e+00  1.20935906e+00  1.20814072e+00
  1.18506611e+00  1.17792084e+00  1.16028765e+00  1.14725510e+00
  1.13974649e+00  1.13003267e+00  1.10230155e+00  1.09482340e+00
  1.08542034e+00  1.07252182e+00  1.06628282e+00  1.03660677e+00
  1.02194598e+00  1.01476369e+00  9.87750250e-01  9.75283538e-01
  9.57742810e-01 -3.53565078e-02 -5.96730005e-02 -7.73488748e-02
 -9.95705372e-02 -1.20085582e-01 -1.36936714e-01 -1.55831114e-01
 -1.78406531e-01 -1.85592412e-01 -2.01913970e-01 -2.18138723e-01
 -2.33503368e-01 -2.48055597e-01 -2.56501787e-01 -2.71512273e-01
 -2.69159811e-01 -2.54105106e-01 -2.90948542e-01 -3.28499451e-01
 -3.63637120e-01 -3.97104845e-01 -4.32259419e-01 -4.66462332e-01
 -5.01204266e-01 -5.55007016e-01 -6.07282467e-01 -6.61568484e-01
 -7.15583832e-01]
[-4.8778225  -4.81115247 -4.77716936 -3.86156654 -3.79526145 -3.75680816
 -3.72493575 -3.73277184 -3.69099551 -3.70753913 -3.7113735  -2.85873793
 -2.79608012 -2.76117515 -2.74973468 -2.71760848 -2.71496136 -2.68612792
 -2.67437376 -2.66444006 -2.66663135 -2.65739832 -2.63854604 -2.64795855
 -2.63059199 -2.61738811 -2.62685022 -2.64001149 -3.53698288 -3.4854826
 -3.45770836 -3.44461117 -3.43439437 -2.65227605 -2.59508344 -2.56097627
 -2.52602636 -2.49423597 -2.46099005 -2.43945204 -2.41864558 -2.39039364
 -2.3738186  -2.63326188 -2.57561098 -2.51492656 -2.45469721 -2.3939419
 -2.33421021 -2.27754469 -2.22070533 -2.15824605 -2.09765713 -2.04448981
 -1.99808095 -1.95309885 -1.90916314 -1.86552954 -1.82033937 -1.77670826
 -1.73385951 -1.69206736 -1.65039511 -1.62281483 -1.59265582 -1.56765093
 -1.54580149 -1.52288467 -1.50292395 -1.48027749 -1.46501382 -1.45080727
 -1.43044214 -1.41564318 -1.40210902 -1.3864935  -1.37616142 -1.36213247
 -1.35183739 -1.33935357 -1.31958224 -1.32090519 -1.30685431 -1.297712
 -1.28115982 -1.27741369 -1.26503614 -1.24274209 -1.25392614 -1.23532181
 -1.22923697 -1.22340649 -1.20692981 -1.21657291 -1.19734411 -1.19041819
 -1.18814763 -1.17406887 -1.16539298 -1.15918013 -1.16666576 -1.16734682
 -1.16116036 -1.14374948 -1.12846416 -1.12092456 -1.125202   -1.1125373
 -1.10625561 -1.10464312 -1.11001239 -1.09645021 -1.0872801  -1.07568829
 -1.08681911 -1.07440613 -1.05329001 -1.08255426 -1.06779034 -1.03577721
 -1.06288512 -1.04180753 -1.02871058 -1.03909729 -1.04461703 -1.0186978
 -1.02153118 -1.0245548  -1.01293509 -1.04182784 -1.02767369 -1.08050178
 -1.08495015 -1.09218553 -1.10601587 -1.13741762 -1.15811037 -1.16862836
 -1.19069845 -1.20474874 -1.21589298 -1.22621987 -1.22257897 -1.25447815
 -1.26748382 -1.25843225 -1.28032079 -1.30028308 -1.31082971 -1.33199691
 -1.34614735 -1.34411389 -1.35719115 -1.36249788 -1.35049363 -1.38055662
 -1.39056682 -1.3977686  -1.41190259 -1.40839384 -1.4209365  -1.43747236
 -1.4415565  -1.44714862 -1.45004883 -1.45630458 -1.46150553 -1.47934845
 -1.4843926  -1.48018408 -1.51062426 -1.48691691 -1.51672781 -1.52655819
 -1.49994167 -1.52709326 -1.5415836  -1.53715396 -1.54776564 -1.55702626
 -1.56631753 -1.56714142 -1.5850622  -1.59539618 -1.58612467 -1.60458913
 -1.60006022 -1.59324288 -1.61062707 -1.62315664 -1.62590449 -1.63489071
 -1.64198754 -1.64891325 -1.65400678 -1.67275177 -1.66398311 -1.67696308
 -1.68538705 -1.69327892 -1.68878906 -1.7020562  -1.70955076 -1.71288587
 -1.7228619  -1.73595156 -1.73209437 -1.74562054 -1.75388427 -1.76196777
 -1.76731812 -1.77551202 -1.77936684 -1.78670028 -1.79830255 -1.80230543
 -1.81392367 -1.82118246 -1.82728659 -1.83967732 -1.84603982 -1.85545067
 -1.86305815 -1.87619265 -1.88609653 -1.89724594 -1.90595257 -1.91678593
 -1.92611469 -1.93838253 -1.94906476 -1.9616259  -1.97396311 -1.9869953
 -2.00013371 -2.0138639  -2.02838682 -2.04341827 -2.05961002 -2.07467995
 -2.09132245 -2.1107113  -2.12709888 -2.14848688 -2.16849356 -2.18957304
 -2.21671291 -2.23601265 -2.26809099 -2.29273166 -2.31902732 -2.35714659
 -2.39004134 -2.41978559 -2.45907632 -2.50175035 -2.54587485 -2.59463963
 -2.61925778 -2.6461012  -2.6770673  -2.70682748 -2.72879221 -2.75593824
 -2.78167911 -2.81118174 -2.83932198 -2.87037    -2.89594282 -2.93564302
 -2.96179997 -3.13124252 -3.39379486 -3.42125903 -3.45650266 -3.51218675
 -3.56738468 -3.60036955 -3.65889517 -3.69834082 -3.75942607 -3.7909197
 -3.84744154 -3.8909952  -3.95822981 -4.00477504 -4.07290057 -4.11094587
 -4.17029931 -4.25017023 -4.32166906 -4.36937228 -4.44060962 -4.51996149
 -4.5799947  -4.6604237  -4.74672623 -2.92153185 -2.90218865 -2.90148695
 -2.88579983 -2.87561519 -2.90851655 -2.8864798  -2.88268526 -2.89607034
 -2.90958088 -2.93889028 -2.92006218 -2.96285993 -2.98119864 -2.99466989
 -3.06779104 -4.01661043 -3.97753463 -3.97028886 -3.95286587 -3.96273688
 -3.97478199 -3.98582343 -4.03068144 -5.04957711 -5.04967731 -5.04642546
 -5.05777568],[-1.60665968e+00 -1.63773410e+00 -1.68080502e+00 -1.33015706e+00
 -1.33845835e+00 -1.35816765e+00 -1.38022019e+00 -1.42269095e+00
 -1.43869450e+00 -1.48725708e+00 -1.52974621e+00 -1.08004144e+00
 -1.05820720e+00 -1.05380697e+00 -1.06576359e+00 -1.06145281e+00
 -1.07978713e+00 -1.07655392e+00 -1.08706802e+00 -1.09913102e+00
 -1.12254799e+00 -1.13577278e+00 -1.13949276e+00 -1.17198009e+00
 -1.17724738e+00 -1.18672682e+00 -1.22221789e+00 -1.26391636e+00
 -2.40063663e+00 -2.40399113e+00 -2.43718569e+00 -2.49119114e+00
 -2.55150939e+00 -2.20307470e+00 -2.13887120e+00 -2.13326739e+00
 -2.12321032e+00 -2.12107629e+00 -2.11241827e+00 -2.14520059e+00
 -2.18470090e+00 -2.19704369e+00 -2.26544544e+00 -3.77013233e+00
 -3.77796321e+00 -3.76605819e+00 -3.75206138e+00 -3.72736681e+00
 -3.70176120e+00 -3.69867604e+00 -3.68905570e+00 -3.56180445e+00
 -3.35641612e+00 -3.16190611e+00 -3.06753643e+00 -3.07649631e+00
 -3.04640239e+00 -3.02940912e+00 -3.04175380e+00 -3.03024069e+00
 -3.01386370e+00 -2.99228226e+00 -2.97392190e+00 -2.86968494e+00
 -2.79977419e+00 -2.71502938e+00 -2.62860672e+00 -2.55917004e+00
 -2.48690033e+00 -2.43341214e+00 -2.36002156e+00 -2.29108258e+00
 -2.24802053e+00 -2.19253259e+00 -2.13842866e+00 -2.09422900e+00
 -2.04029203e+00 -1.99916370e+00 -1.95243593e+00 -1.91356869e+00
 -1.89200032e+00 -1.82991633e+00 -1.80085521e+00 -1.76432135e+00
 -1.74252178e+00 -1.70015562e+00 -1.67384557e+00 -1.66379285e+00
 -1.60393978e+00 -1.58997003e+00 -1.55883577e+00 -1.52861602e+00
 -1.51317331e+00 -1.46562707e+00 -1.45477996e+00 -1.42958138e+00
 -1.39997267e+00 -1.38405823e+00 -1.36265745e+00 -1.33925814e+00
 -1.30323524e+00 -1.27499978e+00 -1.25386704e+00 -1.24292008e+00
 -1.22991987e+00 -1.21050408e+00 -1.18214844e+00 -1.16745276e+00
 -1.14807021e+00 -1.12569079e+00 -1.09909245e+00 -1.08557539e+00
 -1.06915204e+00 -1.05421902e+00 -1.02609468e+00 -1.01194720e+00
 -1.00226202e+00 -9.66392961e-01 -9.53608685e-01 -9.48559460e-01
 -9.16203941e-01 -9.05704495e-01 -8.91410090e-01 -8.67863443e-01
 -8.46757930e-01 -8.36913700e-01 -8.16964539e-01 -7.97280243e-01
 -7.82098697e-01 -7.55835624e-01 -7.41525320e-01 -7.11425744e-01
 -6.93656518e-01 -6.75633010e-01 -6.56824019e-01 -6.35839348e-01
 -6.17561541e-01 -6.01336417e-01 -5.84339704e-01 -5.68870649e-01
 -5.54139620e-01 -5.39875104e-01 -5.26475770e-01 -5.12366806e-01
 -4.99367873e-01 -4.86424211e-01 -4.74255665e-01 -4.62734491e-01
 -4.51225317e-01 -4.40992121e-01 -4.30725665e-01 -4.18918988e-01
 -4.09123280e-01 -3.98501239e-01 -3.84942550e-01 -3.79083183e-01
 -3.69961723e-01 -3.60472701e-01 -3.52892003e-01 -3.41001535e-01
 -3.33489254e-01 -3.27564806e-01 -3.18102803e-01 -3.09196293e-01
 -2.99396628e-01 -2.90863730e-01 -2.82008451e-01 -2.78585328e-01
 -2.70030827e-01 -2.57198094e-01 -2.60931786e-01 -2.38170292e-01
 -2.42662704e-01 -2.37198539e-01 -2.10901665e-01 -2.15481799e-01
 -2.13194706e-01 -1.99065333e-01 -1.94613978e-01 -1.89484042e-01
 -1.84576575e-01 -1.73482672e-01 -1.75496168e-01 -1.72048351e-01
 -1.52396109e-01 -1.55970683e-01 -1.39581310e-01 -1.20370643e-01
 -1.23681246e-01 -1.22862262e-01 -1.12317667e-01 -1.08180116e-01
 -1.02103246e-01 -9.58413769e-02 -8.73830746e-02 -9.56257593e-02
 -6.96406765e-02 -7.10514235e-02 -6.67141998e-02 -6.17035920e-02
 -3.83381281e-02 -4.09486054e-02 -3.49288339e-02 -2.18996907e-02
 -1.97283517e-02 -2.34058159e-02  4.12479679e-03 -5.01942375e-04
  4.85993397e-03  1.07084017e-02  2.28681572e-02  2.91171546e-02
  4.63632724e-02  5.59503481e-02  5.44335399e-02  7.44522097e-02
  7.29796787e-02  8.52012575e-02  1.02673595e-01  9.86702758e-02
  1.17885753e-01  1.26522737e-01  1.44731073e-01  1.37391725e-01
  1.46482494e-01  1.49299786e-01  1.69838984e-01  1.78477265e-01
  2.03954206e-01  2.05427695e-01  2.29982205e-01  2.34292507e-01
  2.48850063e-01  2.51424186e-01  2.93362871e-01  2.87000996e-01
  3.08957799e-01  3.25699832e-01  3.50202664e-01  3.51798589e-01
  3.67302149e-01  4.00167974e-01  4.03034600e-01  4.36208241e-01
  4.54340374e-01  4.74081929e-01  5.18330913e-01  5.21141890e-01
  5.74051329e-01  5.91317156e-01  6.11426567e-01  6.66956745e-01
  6.99195916e-01  7.17932755e-01  7.60055633e-01  8.05818903e-01
  8.49766905e-01  8.99517515e-01  8.89564036e-01  8.84297835e-01
  8.86947399e-01  8.86007207e-01  8.69485123e-01  8.62603241e-01
  8.52791815e-01  8.48935129e-01  8.42117665e-01  8.39186131e-01
  8.27245686e-01  8.35186389e-01  8.22772269e-01  9.99953164e-01
  1.28236519e+00  1.25353606e+00  1.23424319e+00  1.23801543e+00
  1.23919435e+00  1.21464667e+00  1.21628556e+00  1.19680273e+00
  1.19750571e+00  1.16852737e+00  1.16190214e+00  1.14227984e+00
  1.14159167e+00  1.12187701e+00  1.11794811e+00  1.08914020e+00
  1.07522980e+00  1.07396906e+00  1.06434444e+00  1.03704410e+00
  1.02339403e+00  1.01244697e+00  9.87847463e-01  9.72952535e-01
  9.58680167e-01 -3.08014453e-02 -6.02993662e-02 -7.99516442e-02
 -1.05923762e-01 -1.28620837e-01 -1.33254412e-01 -1.60014036e-01
 -1.79026893e-01 -1.91764829e-01 -2.04774671e-01 -2.13287435e-01
 -2.36499186e-01 -2.42353981e-01 -2.55723994e-01 -2.70736486e-01
 -2.73456301e-01 -2.53413761e-01 -2.93152246e-01 -3.28619205e-01
 -3.64431613e-01 -3.98136262e-01 -4.32049717e-01 -4.66359728e-01
 -5.01055569e-01 -5.54915162e-01 -6.08189585e-01 -6.61355907e-01
 -7.15537139e-01]

