[ 1.03152906e+00  1.00023207e+00  9.77583099e-01 -4.95398293e-03
 -3.68367147e-02 -9.62945844e-02 -9.78297277e-02 -1.20056900e-01
 -1.02079639e-01 -1.15406022e-01 -8.68854527e-02 -1.08312101e+00
 -1.10096884e+00 -1.14173053e+00 -1.16192571e+00 -1.17853669e+00
 -1.18769490e+00 -1.19500365e+00 -1.18996628e+00 -1.19497815e+00
 -1.21575674e+00 -1.22221601e+00 -1.21663494e+00 -1.21415383e+00
 -1.21997758e+00 -1.20328456e+00 -1.17651624e+00 -4.81983951e-02
 -8.83521100e-02 -1.02108721e-01 -1.18651077e-01 -1.10659985e-01
 -9.54392160e-01 -1.01970339e+00 -1.06124854e+00 -1.09482160e+00
 -1.11616504e+00 -1.14971164e+00 -1.16503714e+00 -1.18947331e+00
 -1.21362129e+00 -1.21791663e+00 -5.84330547e-01 -6.40627038e-01
 -7.12972470e-01 -7.74182169e-01 -8.30251180e-01 -8.97566494e-01
 -9.58461392e-01 -1.01307169e+00 -1.10849414e+00 -1.21720172e+00
 -1.30512339e+00 -1.37754059e+00 -1.42383723e+00 -1.46832417e+00
 -1.51343293e+00 -1.56096674e+00 -1.60316419e+00 -1.64873500e+00
 -1.69425301e+00 -1.73731073e+00 -1.78978561e+00 -1.83579669e+00
 -1.88129140e+00 -1.92391572e+00 -1.96302360e+00 -1.99982818e+00
 -2.03438526e+00 -2.06733478e+00 -2.09850904e+00 -2.12650813e+00
 -2.15602162e+00 -2.17912519e+00 -2.20610325e+00 -2.23358212e+00
 -2.25320213e+00 -2.27382669e+00 -2.29934301e+00 -2.31621882e+00
 -2.33574746e+00 -2.35571968e+00 -2.37455844e+00 -2.39144674e+00
 -2.41175685e+00 -2.43549637e+00 -2.44915397e+00 -2.45704023e+00
 -2.46843598e+00 -2.49022721e+00 -2.50761845e+00 -2.51945633e+00
 -2.52609416e+00 -2.53781126e+00 -2.55325727e+00 -2.57142718e+00
 -2.58237312e+00 -2.59992845e+00 -2.60110594e+00 -2.61436061e+00
 -2.63054186e+00 -2.63664250e+00 -2.65900930e+00 -2.65272919e+00
 -2.66864783e+00 -2.67293684e+00 -2.70209415e+00 -2.71194281e+00
 -2.70600110e+00 -2.73120159e+00 -2.74146004e+00 -2.73903401e+00
 -2.74727989e+00 -2.74531961e+00 -2.78819147e+00 -2.77771885e+00
 -2.79006595e+00 -2.79346641e+00 -2.80762318e+00 -2.81261398e+00
 -2.82877322e+00 -2.84434402e+00 -2.83939235e+00 -2.86564903e+00
 -2.87939108e+00 -2.87098709e+00 -2.87839586e+00 -2.87815098e+00
 -2.87730882e+00 -2.87447463e+00 -2.85381707e+00 -2.84039269e+00
 -2.83475980e+00 -2.81762090e+00 -2.80162665e+00 -2.79450748e+00
 -2.77547746e+00 -2.75188013e+00 -2.76391752e+00 -2.75291392e+00
 -2.75335111e+00 -2.72668938e+00 -2.69647134e+00 -2.71436372e+00
 -2.70957404e+00 -2.70024665e+00 -2.67884723e+00 -2.66677765e+00
 -2.66647219e+00 -2.67176463e+00 -2.65782294e+00 -2.64153497e+00
 -2.64311997e+00 -2.64739873e+00 -2.62330946e+00 -2.63721818e+00
 -2.61687321e+00 -2.61846050e+00 -2.61871205e+00 -2.59009722e+00
 -2.60063722e+00 -2.57096221e+00 -2.56319614e+00 -2.59297647e+00
 -2.55303078e+00 -2.57311181e+00 -2.55704261e+00 -2.55363854e+00
 -2.54193109e+00 -2.53013277e+00 -2.52623553e+00 -2.52908721e+00
 -2.51195866e+00 -2.52357024e+00 -2.51426534e+00 -2.51661162e+00
 -2.50662794e+00 -2.51015706e+00 -2.50654128e+00 -2.48167007e+00
 -2.49998954e+00 -2.48679788e+00 -2.48745935e+00 -2.47633501e+00
 -2.45811107e+00 -2.46541526e+00 -2.47357209e+00 -2.45504000e+00
 -2.45319411e+00 -2.44894378e+00 -2.45004101e+00 -2.44658081e+00
 -2.43747783e+00 -2.44576015e+00 -2.42790086e+00 -2.42995706e+00
 -2.42093071e+00 -2.42581854e+00 -2.40538105e+00 -2.41082858e+00
 -2.39676029e+00 -2.40419488e+00 -2.38603290e+00 -2.38984904e+00
 -2.38278597e+00 -2.38702197e+00 -2.38099783e+00 -2.35417118e+00
 -2.35747199e+00 -2.35447817e+00 -2.35579289e+00 -2.33994526e+00
 -2.33954960e+00 -2.32569227e+00 -2.33200721e+00 -2.31496616e+00
 -2.32409545e+00 -2.31482218e+00 -2.29909738e+00 -2.29646925e+00
 -2.28468623e+00 -2.28915618e+00 -2.28424455e+00 -2.26438070e+00
 -2.26376979e+00 -2.25287472e+00 -2.24641846e+00 -2.24389242e+00
 -2.23113467e+00 -2.22402409e+00 -2.21880578e+00 -2.20966750e+00
 -2.19614064e+00 -2.18475793e+00 -2.17620986e+00 -2.16787626e+00
 -2.15758763e+00 -2.14655073e+00 -2.13253541e+00 -2.12500499e+00
 -2.10968078e+00 -2.09561749e+00 -2.08428598e+00 -2.06920762e+00
 -2.05385152e+00 -2.03674569e+00 -2.01889476e+00 -2.00060022e+00
 -1.98087424e+00 -1.96004614e+00 -1.93778453e+00 -1.91301406e+00
 -1.88698249e+00 -1.86111693e+00 -1.82940100e+00 -1.79591986e+00
 -1.76541370e+00 -1.73568961e+00 -1.71054179e+00 -1.68150459e+00
 -1.65274299e+00 -1.62411529e+00 -1.59498957e+00 -1.56941849e+00
 -1.53637690e+00 -1.50335894e+00 -1.48270734e+00 -1.45147833e+00
 -1.42705600e+00 -1.39117312e+00 -1.26217688e+00 -1.08356188e+00
 -1.04590479e+00 -9.96682319e-01 -9.56139959e-01 -9.10652669e-01
 -8.60027264e-01 -8.01355077e-01 -7.70628757e-01 -7.09919226e-01
 -6.68046173e-01 -6.01997149e-01 -5.57578266e-01 -5.01251792e-01
 -4.41516427e-01 -3.82426929e-01 -3.23894999e-01 -2.58376380e-01
 -2.06296463e-01 -1.44925332e-01 -7.94000112e-02 -2.50972791e-04
  7.34659573e-02  1.46608700e-01  2.26493447e-01  3.00606538e-01
 -1.20941095e+00 -1.22047468e+00 -1.21937856e+00 -1.23083358e+00
 -1.20843853e+00 -1.23556546e+00 -1.20479352e+00 -1.20729728e+00
 -1.19148425e+00 -1.19555379e+00 -1.16090108e+00 -1.15270102e+00
 -1.12996888e+00 -1.10549370e+00 -1.07347939e+00 -1.01485387e+00
 -9.11076723e-02 -1.22314173e-01 -1.42976583e-01 -1.42173016e-01
 -1.08180222e-01 -9.93724880e-02 -7.17001380e-02 -2.00601098e-02
  9.64426657e-01  9.63493396e-01  9.71232799e-01  1.03653690e+00],[-0.12670845 -0.07726802 -0.0273126  -0.14688336 -0.11705265 -0.09399006
 -0.05948187 -0.02990222  0.0099185   0.04177582  0.08626838 -0.14638991
 -0.13510639 -0.13400988 -0.1251799  -0.11525197 -0.10211317 -0.08812956
 -0.06759194 -0.0520594  -0.04549793 -0.03093661 -0.00877515  0.01205972
  0.027861    0.05959098  0.10001205  0.97206829  0.99482796  1.03816069
  1.07991187  1.14363352  0.99475784  0.95485331  0.94706599  0.95010934
  0.97246393  0.97426359  1.00782039  1.02588111  1.04485037  1.10497013
  2.53645426  2.55370496  2.53253404  2.5344571   2.54770251  2.52928313
  2.52517259  2.53770992  2.41628215  2.2303429   2.09377965  1.99704097
  1.99604921  2.00165077  2.00336671  1.98995759  2.00540391  1.99905463
  1.98952133  1.99833675  1.90151815  1.84643165  1.7625363   1.67468095
  1.60936433  1.54255674  1.4806933   1.43417203  1.38400592  1.3126126
  1.28640041  1.20693855  1.18108526  1.16442468  1.10089975  1.05509337
  1.04209403  0.98972243  0.95626772  0.92866832  0.89979814  0.86703678
  0.84868482  0.84220969  0.80630535  0.75754564  0.72213855  0.71518115
  0.69769834  0.66853303  0.63001328  0.60447221  0.58762513  0.57649938
  0.55242718  0.54090945  0.50220067  0.48497679  0.47274836  0.44565724
  0.44296869  0.40019961  0.38912633  0.36311873  0.36882723  0.35027563
  0.31396988  0.31390159  0.29694157  0.26711191  0.24910236  0.22156726
  0.23684013  0.20209542  0.18863318  0.16763809  0.15584713  0.1367328
  0.12638151  0.1153146   0.0896107   0.08576014  0.07296179  0.04613016
  0.02967463  0.00888357 -0.01181519 -0.03314771 -0.06307664 -0.08823271
 -0.10886354 -0.13409219 -0.15785155 -0.17711863 -0.20044439 -0.22446316
 -0.23507999 -0.25348033 -0.2677901  -0.28974074 -0.31150026 -0.31999909
 -0.33428858 -0.34926239 -0.3661506  -0.38053244 -0.39253962 -0.4036817
 -0.41731994 -0.43066125 -0.44181788 -0.4528066  -0.46541136 -0.47581647
 -0.48730042 -0.49806185 -0.5088556  -0.51866373 -0.52952651 -0.53797524
 -0.54731866 -0.56035597 -0.56593883 -0.57856921 -0.58624787 -0.59563648
 -0.6033519  -0.61069039 -0.6194921  -0.62990929 -0.63516904 -0.64811082
 -0.65520092 -0.66582297 -0.67240633 -0.68363308 -0.69238662 -0.69254944
 -0.71016093 -0.71465913 -0.72521928 -0.73023119 -0.73132221 -0.74535635
 -0.76038301 -0.76059059 -0.77016933 -0.77838424 -0.79010109 -0.79905282
 -0.80414646 -0.82166898 -0.82024525 -0.83370358 -0.83863669 -0.8550611
 -0.85014271 -0.86764378 -0.86770689 -0.88802768 -0.88372497 -0.90137194
 -0.9081432  -0.92746403 -0.93590214 -0.91969223 -0.93902308 -0.95127031
 -0.96968479 -0.96540943 -0.98241296 -0.98032414 -1.00867358 -1.0014579
 -1.03674615 -1.04261702 -1.03688783 -1.05483609 -1.05595066 -1.09002097
 -1.10667471 -1.09088377 -1.11840929 -1.12283565 -1.13881891 -1.16687759
 -1.16797695 -1.18609009 -1.21217959 -1.22757455 -1.22826135 -1.23712935
 -1.25916814 -1.28549256 -1.30615968 -1.32626676 -1.33158249 -1.38372274
 -1.38697505 -1.40264762 -1.45509226 -1.47969992 -1.51462697 -1.5336379
 -1.54683978 -1.58476727 -1.6289448  -1.66007359 -1.69735504 -1.75136454
 -1.79749924 -1.82591001 -1.8931825  -1.95529217 -1.98380362 -2.00124557
 -1.99102318 -2.0000023  -2.00548532 -2.00872565 -2.01246811 -2.00238975
 -2.01708411 -2.02902596 -2.002712   -2.00733654 -1.99275213 -2.00700782
 -2.23839318 -2.55868262 -2.54631007 -2.55729119 -2.54880799 -2.54882426
 -2.55657684 -2.57608783 -2.54592919 -2.56444141 -2.55086389 -2.57243546
 -2.55976329 -2.56259284 -2.56789542 -2.57009256 -2.56948701 -2.5752374
 -2.56304551 -2.55987559 -2.55918161 -2.57038245 -2.57303655 -2.57251549
 -2.57579076 -2.57101757 -1.18609448 -1.15292056 -1.13093734 -1.09971846
 -1.09525552 -1.05413835 -1.05554921 -1.033408   -1.02377024 -1.00137196
 -1.00287751 -0.98787345 -0.98094551 -0.9742918  -0.97075768 -0.97916543
 -1.23163782 -1.18228212 -1.13826613 -1.10247408 -1.07721411 -1.04381372
 -1.01550013 -0.99247097 -1.18345387 -1.12895975 -1.07658947 -1.03446942]
[ 1.03069893  0.9964983   0.98595366 -0.00670767 -0.05668839 -0.09543531
 -0.0902265  -0.10660326 -0.11500443 -0.1170497  -0.1018292  -1.10574029
 -1.10978362 -1.14151196 -1.1467113  -1.17787896 -1.1711096  -1.20469576
 -1.17709229 -1.20896044 -1.21929068 -1.20092439 -1.22154304 -1.21377273
 -1.21644969 -1.20532492 -1.18546594 -0.04943797 -0.07811488 -0.10319101
 -0.10436956 -0.11076855 -0.95216678 -1.01940891 -1.05873492 -1.08541489
 -1.12466641 -1.14821334 -1.17520766 -1.18512635 -1.20352221 -1.21864252
 -0.58748555 -0.65481916 -0.71256699 -0.77609716 -0.83362056 -0.89937379
 -0.95254582 -1.0142696  -1.09986611 -1.21027534 -1.30796844 -1.38213574
 -1.42453803 -1.47107375 -1.51386609 -1.55571993 -1.60606159 -1.64845083
 -1.69205199 -1.73923802 -1.78926629 -1.83704098 -1.88113995 -1.92351794
 -1.96316303 -1.99984344 -2.03433406 -2.06725684 -2.09824138 -2.12811455
 -2.15669618 -2.18246232 -2.20434811 -2.22957386 -2.25330433 -2.27787448
 -2.30182659 -2.31801269 -2.33820797 -2.35767569 -2.37365112 -2.39277754
 -2.40510756 -2.4245923  -2.4461547  -2.45541456 -2.47342881 -2.48963531
 -2.50058849 -2.51168545 -2.53277239 -2.54265362 -2.56115929 -2.56383268
 -2.58590305 -2.60133056 -2.6064679  -2.61806405 -2.62269507 -2.64119252
 -2.64420173 -2.66240702 -2.66819238 -2.68233901 -2.69941502 -2.71256084
 -2.69883453 -2.72771898 -2.72578344 -2.73956572 -2.76068009 -2.76577472
 -2.77317213 -2.78005187 -2.79264278 -2.79853346 -2.80853734 -2.81956949
 -2.82353688 -2.84042393 -2.83982516 -2.85959129 -2.85759538 -2.88405779
 -2.8787218  -2.88947606 -2.87550762 -2.87005662 -2.85813851 -2.85696236
 -2.83836938 -2.80589441 -2.79641141 -2.80572686 -2.78129665 -2.77216575
 -2.75077932 -2.75552848 -2.7418605  -2.73296851 -2.73749876 -2.70885381
 -2.70950199 -2.69734877 -2.66495023 -2.6704237  -2.67059614 -2.67034004
 -2.65863674 -2.63325786 -2.64645837 -2.63940497 -2.624275   -2.64272901
 -2.62324694 -2.60353325 -2.61420848 -2.59754876 -2.59879425 -2.59293232
 -2.5803575  -2.56282431 -2.57535932 -2.55522081 -2.5606057  -2.55743836
 -2.53628275 -2.5318103  -2.54308582 -2.53494684 -2.5302782  -2.52528711
 -2.51729038 -2.51427592 -2.50829664 -2.51213641 -2.50214153 -2.50136495
 -2.50233767 -2.49575442 -2.49423955 -2.47475748 -2.46927131 -2.45108812
 -2.47145043 -2.46039753 -2.44921222 -2.44377272 -2.43563726 -2.44636133
 -2.4410599  -2.44849151 -2.44258678 -2.42318712 -2.42922244 -2.41177491
 -2.4034414  -2.39499335 -2.39104733 -2.40317916 -2.39289845 -2.38240061
 -2.39329095 -2.38488775 -2.37159516 -2.36358566 -2.36662525 -2.35231609
 -2.34835348 -2.34643603 -2.33110382 -2.33030824 -2.33582534 -2.32237112
 -2.31279463 -2.30875929 -2.30559288 -2.2932623  -2.29906269 -2.28315947
 -2.274182   -2.27604104 -2.26600306 -2.25429639 -2.24699589 -2.24697271
 -2.23307088 -2.22765915 -2.21325789 -2.20301538 -2.19784801 -2.18839506
 -2.17714203 -2.16499223 -2.15580706 -2.14442451 -2.13550923 -2.12325841
 -2.10915616 -2.09483137 -2.0819119  -2.06725616 -2.05147844 -2.03583509
 -2.01817212 -1.99970155 -1.97996066 -1.95889407 -1.9368134  -1.91205224
 -1.88667174 -1.85836172 -1.83030874 -1.79397262 -1.76221402 -1.73576496
 -1.70466129 -1.67618055 -1.6561143  -1.6239523  -1.59848793 -1.56709192
 -1.53941889 -1.50926113 -1.4819     -1.44988155 -1.41958556 -1.38761066
 -1.26455604 -1.08876848 -1.04354614 -0.99907089 -0.9492597  -0.903271
 -0.86336697 -0.81134928 -0.75809644 -0.71069129 -0.66450153 -0.60620703
 -0.55681446 -0.50374435 -0.43389445 -0.38417434 -0.32199138 -0.25649221
 -0.20063492 -0.13464726 -0.06922614  0.0126394   0.08713988  0.13861052
  0.21912857  0.3302145  -1.20644328 -1.22901661 -1.23151559 -1.22751485
 -1.2298219  -1.22588172 -1.21448909 -1.21629979 -1.18903337 -1.19642413
 -1.17180956 -1.16479493 -1.14944643 -1.11308667 -1.07634498 -1.00119531
 -0.09375175 -0.113029   -0.1378402  -0.12571606 -0.11218524 -0.104084
 -0.07665789 -0.03121344  0.97471424  0.97205446  0.98288954  1.03076716],[-0.12699231 -0.07799034 -0.02619633 -0.14770363 -0.12143958 -0.09435908
 -0.05828446 -0.02711821  0.00588378  0.04072415  0.08112287 -0.15599895
 -0.13960692 -0.13487724 -0.11937994 -0.11593343 -0.09502212 -0.09407775
 -0.06176081 -0.06083482 -0.0485779  -0.01919133 -0.01289671  0.01124683
  0.02917098  0.0570927   0.09244502  0.97058054  1.00226259  1.03672197
  1.09133588  1.14299331  0.99702513  0.95433451  0.94995695  0.96416668
  0.95731029  0.97583628  0.98844994  1.033029    1.06363739  1.10246921
  2.52974618  2.52190955  2.53357227  2.52981934  2.53905973  2.52446236
  2.54252683  2.53424191  2.4446422   2.25447396  2.08300989  1.97837186
  1.99281023  1.98855897  2.00103953  2.019666    1.98715922  2.00122521
  2.00771846  1.98046757  1.90787798  1.82914694  1.76596444  1.68663163
  1.60233019  1.55092256  1.47693278  1.43139519  1.37846517  1.33527214
  1.29373701  1.23840493  1.16646539  1.13551629  1.10118217  1.07767737
  1.05444665  0.99774811  0.96649315  0.93605827  0.89593908  0.87118967
  0.82642421  0.80810294  0.79703704  0.75252613  0.73458301  0.71312523
  0.68052769  0.65046048  0.64370989  0.61376432  0.60247937  0.56154431
  0.55811021  0.54263423  0.51041971  0.4901848   0.4599314   0.45166001
  0.42105904  0.41275761  0.38774478  0.37436792  0.36470976  0.3501922
  0.30490668  0.30919333  0.27928039  0.26680773  0.26163675  0.24045004
  0.22193795  0.20329862  0.18996381  0.17097295  0.15565814  0.14122913
  0.1214852   0.11150297  0.08894605  0.08068943  0.0578119   0.05329699
  0.02886122  0.01440574 -0.01383558 -0.03652441 -0.06190225 -0.08118171
 -0.10821565 -0.14034917 -0.1611039  -0.17363068 -0.19925696 -0.21812726
 -0.24066188 -0.25369448 -0.27237475 -0.28901284 -0.30158054 -0.32245858
 -0.33539859 -0.3509777  -0.36995331 -0.3809973  -0.39300339 -0.40500951
 -0.41835299 -0.43266845 -0.44267365 -0.45452385 -0.46652216 -0.47679958
 -0.4883688  -0.49925107 -0.50997696 -0.5201264  -0.53064547 -0.54073002
 -0.55004673 -0.55843092 -0.56992603 -0.5773156  -0.58808046 -0.59758514
 -0.6035402  -0.61234166 -0.62468843 -0.63268884 -0.64140387 -0.6499446
 -0.6574771  -0.66642884 -0.67435588 -0.68574313 -0.69209958 -0.70191543
 -0.71258607 -0.72008569 -0.72983489 -0.73092661 -0.73848317 -0.73923027
 -0.76071904 -0.76520607 -0.76931511 -0.77670739 -0.78231978 -0.80049577
 -0.80826148 -0.825284   -0.83295603 -0.83007933 -0.84703521 -0.84498481
 -0.85017872 -0.85513414 -0.86414679 -0.88884528 -0.89240699 -0.89550512
 -0.92128219 -0.9270006  -0.92702086 -0.93286511 -0.9523179  -0.95052884
 -0.9618787  -0.97644045 -0.9724905  -0.98934315 -1.01678443 -1.01557619
 -1.02026959 -1.0344981  -1.05103635 -1.05129886 -1.08672212 -1.08036436
 -1.08781288 -1.11985737 -1.12655369 -1.12932827 -1.14340634 -1.17855598
 -1.17693406 -1.20076151 -1.19768699 -1.20821264 -1.23866641 -1.25598036
 -1.26774818 -1.27679652 -1.30225753 -1.3199262  -1.35661972 -1.37831455
 -1.3905922  -1.40424866 -1.43881879 -1.46522309 -1.48710057 -1.53388403
 -1.55732209 -1.58849986 -1.63006962 -1.6676926  -1.69910295 -1.75255726
 -1.7910506  -1.84386624 -1.87870298 -1.96293143 -1.99853326 -1.99596618
 -2.01696136 -2.02116379 -1.98737004 -2.00617898 -1.99648643 -2.0078272
 -2.0046582  -2.00856358 -2.00295085 -2.00976464 -2.0104017  -2.01412661
 -2.23101642 -2.54507467 -2.5495693  -2.55068628 -2.56069828 -2.5611775
 -2.54909593 -2.55738073 -2.56547208 -2.56194274 -2.55512389 -2.56503594
 -2.55975219 -2.55810429 -2.57698992 -2.5668747  -2.57089264 -2.57656777
 -2.56868091 -2.57044283 -2.56927042 -2.58292634 -2.58592581 -2.56402852
 -2.56817476 -2.59694327 -1.18877252 -1.14588718 -1.12127088 -1.1025044
 -1.07935225 -1.06141913 -1.04901705 -1.02761663 -1.02565773 -1.0011475
 -0.99665013 -0.98123545 -0.97050494 -0.97062005 -0.96966997 -0.98619596
 -1.23076942 -1.18583778 -1.14023688 -1.10804093 -1.07621719 -1.04270476
 -1.01442181 -0.98994077 -1.18579154 -1.1307601  -1.07885043 -1.03344463]
