[ 1.03152906e+00  1.00023207e+00  9.77583099e-01 -4.95398293e-03
 -3.68367147e-02 -9.62945844e-02 -9.78297277e-02 -1.20056900e-01
 -1.02079639e-01 -1.15406022e-01 -8.68854527e-02 -1.08312101e+00
 -1.10096884e+00 -1.14173053e+00 -1.16192571e+00 -1.17853669e+00
 -1.18769490e+00 -1.19500365e+00 -1.18996628e+00 -1.19497815e+00
 -1.21575674e+00 -1.22221601e+00 -1.21663494e+00 -1.21415383e+00
 -1.21997758e+00 -1.20328456e+00 -1.17651624e+00 -4.81983951e-02
 -8.83521100e-02 -1.02108721e-01 -1.18651077e-01 -1.10659985e-01
 -9.54392160e-01 -1.01970339e+00 -1.06124854e+00 -1.09482160e+00
 -1.11616504e+00 -1.14971164e+00 -1.16503714e+00 -1.18947331e+00
 -1.21362129e+00 -1.21791663e+00 -5.84330547e-01 -6.40627038e-01
 -7.12972470e-01 -7.74182169e-01 -8.30251180e-01 -8.97566494e-01
 -9.58461392e-01 -1.01307169e+00 -1.10849414e+00 -1.21720172e+00
 -1.30512339e+00 -1.37754059e+00 -1.42383723e+00 -1.46832417e+00
 -1.51343293e+00 -1.56096674e+00 -1.60316419e+00 -1.64873500e+00
 -1.69425301e+00 -1.73731073e+00 -1.78978561e+00 -1.83579669e+00
 -1.88129140e+00 -1.92391572e+00 -1.96302360e+00 -1.99982818e+00
 -2.03438526e+00 -2.06733478e+00 -2.09850904e+00 -2.12650813e+00
 -2.15602162e+00 -2.17912519e+00 -2.20610325e+00 -2.23358212e+00
 -2.25320213e+00 -2.27382669e+00 -2.29934301e+00 -2.31621882e+00
 -2.33574746e+00 -2.35571968e+00 -2.37455844e+00 -2.39144674e+00
 -2.41175685e+00 -2.43549637e+00 -2.44915397e+00 -2.45704023e+00
 -2.46843598e+00 -2.49022721e+00 -2.50761845e+00 -2.51945633e+00
 -2.52609416e+00 -2.53781126e+00 -2.55325727e+00 -2.57142718e+00
 -2.58237312e+00 -2.59992845e+00 -2.60110594e+00 -2.61436061e+00
 -2.63054186e+00 -2.63664250e+00 -2.65900930e+00 -2.65272919e+00
 -2.66864783e+00 -2.67293684e+00 -2.70209415e+00 -2.71194281e+00
 -2.70600110e+00 -2.73120159e+00 -2.74146004e+00 -2.73903401e+00
 -2.74727989e+00 -2.74531961e+00 -2.78819147e+00 -2.77771885e+00
 -2.79006595e+00 -2.79346641e+00 -2.80762318e+00 -2.81261398e+00
 -2.82877322e+00 -2.84434402e+00 -2.83939235e+00 -2.86564903e+00
 -2.87939108e+00 -2.87098709e+00 -2.87839586e+00 -2.87815098e+00
 -2.87730882e+00 -2.87447463e+00 -2.85381707e+00 -2.84039269e+00
 -2.83475980e+00 -2.81762090e+00 -2.80162665e+00 -2.79450748e+00
 -2.77547746e+00 -2.75188013e+00 -2.76391752e+00 -2.75291392e+00
 -2.75335111e+00 -2.72668938e+00 -2.69647134e+00 -2.71436372e+00
 -2.70957404e+00 -2.70024665e+00 -2.67884723e+00 -2.66677765e+00
 -2.66647219e+00 -2.67176463e+00 -2.65782294e+00 -2.64153497e+00
 -2.64311997e+00 -2.64739873e+00 -2.62330946e+00 -2.63721818e+00
 -2.61687321e+00 -2.61846050e+00 -2.61871205e+00 -2.59009722e+00
 -2.60063722e+00 -2.57096221e+00 -2.56319614e+00 -2.59297647e+00
 -2.55303078e+00 -2.57311181e+00 -2.55704261e+00 -2.55363854e+00
 -2.54193109e+00 -2.53013277e+00 -2.52623553e+00 -2.52908721e+00
 -2.51195866e+00 -2.52357024e+00 -2.51426534e+00 -2.51661162e+00
 -2.50662794e+00 -2.51015706e+00 -2.50654128e+00 -2.48167007e+00
 -2.49998954e+00 -2.48679788e+00 -2.48745935e+00 -2.47633501e+00
 -2.45811107e+00 -2.46541526e+00 -2.47357209e+00 -2.45504000e+00
 -2.45319411e+00 -2.44894378e+00 -2.45004101e+00 -2.44658081e+00
 -2.43747783e+00 -2.44576015e+00 -2.42790086e+00 -2.42995706e+00
 -2.42093071e+00 -2.42581854e+00 -2.40538105e+00 -2.41082858e+00
 -2.39676029e+00 -2.40419488e+00 -2.38603290e+00 -2.38984904e+00
 -2.38278597e+00 -2.38702197e+00 -2.38099783e+00 -2.35417118e+00
 -2.35747199e+00 -2.35447817e+00 -2.35579289e+00 -2.33994526e+00
 -2.33954960e+00 -2.32569227e+00 -2.33200721e+00 -2.31496616e+00
 -2.32409545e+00 -2.31482218e+00 -2.29909738e+00 -2.29646925e+00
 -2.28468623e+00 -2.28915618e+00 -2.28424455e+00 -2.26438070e+00
 -2.26376979e+00 -2.25287472e+00 -2.24641846e+00 -2.24389242e+00
 -2.23113467e+00 -2.22402409e+00 -2.21880578e+00 -2.20966750e+00
 -2.19614064e+00 -2.18475793e+00 -2.17620986e+00 -2.16787626e+00
 -2.15758763e+00 -2.14655073e+00 -2.13253541e+00 -2.12500499e+00
 -2.10968078e+00 -2.09561749e+00 -2.08428598e+00 -2.06920762e+00
 -2.05385152e+00 -2.03674569e+00 -2.01889476e+00 -2.00060022e+00
 -1.98087424e+00 -1.96004614e+00 -1.93778453e+00 -1.91301406e+00
 -1.88698249e+00 -1.86111693e+00 -1.82940100e+00 -1.79591986e+00
 -1.76541370e+00 -1.73568961e+00 -1.71054179e+00 -1.68150459e+00
 -1.65274299e+00 -1.62411529e+00 -1.59498957e+00 -1.56941849e+00
 -1.53637690e+00 -1.50335894e+00 -1.48270734e+00 -1.45147833e+00
 -1.42705600e+00 -1.39117312e+00 -1.26217688e+00 -1.08356188e+00
 -1.04590479e+00 -9.96682319e-01 -9.56139959e-01 -9.10652669e-01
 -8.60027264e-01 -8.01355077e-01 -7.70628757e-01 -7.09919226e-01
 -6.68046173e-01 -6.01997149e-01 -5.57578266e-01 -5.01251792e-01
 -4.41516427e-01 -3.82426929e-01 -3.23894999e-01 -2.58376380e-01
 -2.06296463e-01 -1.44925332e-01 -7.94000112e-02 -2.50972792e-04
  7.34659573e-02  1.46608700e-01  2.26493447e-01  3.00606538e-01
 -1.20941095e+00 -1.22047468e+00 -1.21937856e+00 -1.23083358e+00
 -1.20843853e+00 -1.23556546e+00 -1.20479352e+00 -1.20729728e+00
 -1.19148425e+00 -1.19555379e+00 -1.16090108e+00 -1.15270102e+00
 -1.12996888e+00 -1.10549370e+00 -1.07347939e+00 -1.01485387e+00
 -9.11076723e-02 -1.22314173e-01 -1.42976583e-01 -1.42173016e-01
 -1.08180222e-01 -9.93724880e-02 -7.17001380e-02 -2.00601098e-02
  9.64426657e-01  9.63493396e-01  9.71232799e-01  1.03653690e+00],[-0.12670845 -0.07726802 -0.0273126  -0.14688336 -0.11705265 -0.09399006
 -0.05948187 -0.02990222  0.0099185   0.04177582  0.08626838 -0.14638991
 -0.13510639 -0.13400988 -0.1251799  -0.11525197 -0.10211317 -0.08812956
 -0.06759194 -0.0520594  -0.04549793 -0.03093661 -0.00877515  0.01205972
  0.027861    0.05959098  0.10001205  0.97206829  0.99482796  1.03816069
  1.07991187  1.14363352  0.99475784  0.95485331  0.94706599  0.95010934
  0.97246393  0.97426359  1.00782039  1.02588111  1.04485037  1.10497013
  2.53645426  2.55370496  2.53253404  2.5344571   2.54770251  2.52928313
  2.52517259  2.53770992  2.41628215  2.2303429   2.09377965  1.99704097
  1.99604921  2.00165077  2.00336671  1.98995759  2.00540391  1.99905463
  1.98952133  1.99833675  1.90151815  1.84643165  1.7625363   1.67468095
  1.60936433  1.54255674  1.4806933   1.43417203  1.38400592  1.3126126
  1.28640041  1.20693855  1.18108526  1.16442468  1.10089975  1.05509337
  1.04209403  0.98972243  0.95626772  0.92866832  0.89979814  0.86703678
  0.84868482  0.84220969  0.80630535  0.75754564  0.72213855  0.71518115
  0.69769834  0.66853303  0.63001328  0.60447221  0.58762513  0.57649938
  0.55242718  0.54090945  0.50220067  0.48497679  0.47274836  0.44565724
  0.44296869  0.40019961  0.38912633  0.36311873  0.36882723  0.35027563
  0.31396988  0.31390159  0.29694157  0.26711191  0.24910236  0.22156726
  0.23684013  0.20209542  0.18863318  0.16763809  0.15584713  0.1367328
  0.12638151  0.1153146   0.0896107   0.08576014  0.07296179  0.04613016
  0.02967463  0.00888357 -0.01181519 -0.03314771 -0.06307664 -0.08823271
 -0.10886354 -0.13409219 -0.15785155 -0.17711863 -0.20044439 -0.22446316
 -0.23507999 -0.25348033 -0.2677901  -0.28974074 -0.31150026 -0.31999909
 -0.33428858 -0.34926239 -0.3661506  -0.38053244 -0.39253962 -0.4036817
 -0.41731994 -0.43066125 -0.44181788 -0.4528066  -0.46541136 -0.47581647
 -0.48730042 -0.49806185 -0.5088556  -0.51866373 -0.52952651 -0.53797524
 -0.54731866 -0.56035597 -0.56593883 -0.57856921 -0.58624787 -0.59563648
 -0.6033519  -0.61069039 -0.6194921  -0.62990929 -0.63516904 -0.64811082
 -0.65520092 -0.66582297 -0.67240633 -0.68363308 -0.69238662 -0.69254944
 -0.71016093 -0.71465913 -0.72521928 -0.73023119 -0.73132221 -0.74535635
 -0.76038301 -0.76059059 -0.77016933 -0.77838424 -0.79010109 -0.79905282
 -0.80414646 -0.82166898 -0.82024525 -0.83370358 -0.83863669 -0.8550611
 -0.85014271 -0.86764378 -0.86770689 -0.88802768 -0.88372497 -0.90137194
 -0.9081432  -0.92746403 -0.93590214 -0.91969223 -0.93902308 -0.95127031
 -0.96968479 -0.96540943 -0.98241296 -0.98032414 -1.00867358 -1.0014579
 -1.03674615 -1.04261702 -1.03688783 -1.05483609 -1.05595066 -1.09002097
 -1.10667471 -1.09088377 -1.11840929 -1.12283565 -1.13881891 -1.16687759
 -1.16797695 -1.18609009 -1.21217959 -1.22757455 -1.22826135 -1.23712935
 -1.25916814 -1.28549256 -1.30615968 -1.32626676 -1.33158249 -1.38372274
 -1.38697505 -1.40264762 -1.45509226 -1.47969992 -1.51462697 -1.5336379
 -1.54683978 -1.58476727 -1.6289448  -1.66007359 -1.69735504 -1.75136454
 -1.79749924 -1.82591001 -1.8931825  -1.95529217 -1.98380362 -2.00124557
 -1.99102318 -2.0000023  -2.00548532 -2.00872565 -2.01246811 -2.00238975
 -2.01708411 -2.02902596 -2.002712   -2.00733654 -1.99275213 -2.00700782
 -2.23839318 -2.55868262 -2.54631007 -2.55729119 -2.54880799 -2.54882426
 -2.55657684 -2.57608783 -2.54592919 -2.56444141 -2.55086389 -2.57243546
 -2.55976329 -2.56259284 -2.56789542 -2.57009256 -2.56948701 -2.5752374
 -2.56304551 -2.55987559 -2.55918161 -2.57038245 -2.57303655 -2.57251549
 -2.57579076 -2.57101757 -1.18609448 -1.15292056 -1.13093734 -1.09971846
 -1.09525552 -1.05413835 -1.05554921 -1.033408   -1.02377024 -1.00137196
 -1.00287751 -0.98787345 -0.98094551 -0.9742918  -0.97075768 -0.97916543
 -1.23163782 -1.18228212 -1.13826613 -1.10247408 -1.07721411 -1.04381372
 -1.01550013 -0.99247097 -1.18345387 -1.12895975 -1.07658947 -1.03446942]
[ 1.03069893  0.9964983   0.98595366 -0.00670767 -0.05668839 -0.09543531
 -0.0902265  -0.10660326 -0.11500443 -0.1170497  -0.1018292  -1.10574029
 -1.10978362 -1.14151196 -1.1467113  -1.17787896 -1.1711096  -1.20469576
 -1.17709229 -1.20896044 -1.21929068 -1.20092439 -1.22154304 -1.21377273
 -1.21644969 -1.20532492 -1.18546594 -0.04943797 -0.07811488 -0.10319101
 -0.10436956 -0.11076855 -0.95216678 -1.01940891 -1.05873492 -1.08541489
 -1.12466641 -1.14821334 -1.17520766 -1.18512635 -1.20352221 -1.21864252
 -0.58748555 -0.65481916 -0.71256699 -0.77609716 -0.83362056 -0.89937379
 -0.95254582 -1.0142696  -1.09986611 -1.21027534 -1.30796844 -1.38213574
 -1.42453803 -1.47107375 -1.51386609 -1.55571993 -1.60606159 -1.64845083
 -1.69205199 -1.73923802 -1.78926629 -1.83704098 -1.88113995 -1.92351794
 -1.96316303 -1.99984344 -2.03433406 -2.06725684 -2.09824138 -2.12811455
 -2.15669618 -2.18246232 -2.20434811 -2.22957386 -2.25330433 -2.27787448
 -2.30182659 -2.31801269 -2.33820797 -2.35767569 -2.37365112 -2.39277754
 -2.40510756 -2.4245923  -2.4461547  -2.45541456 -2.47342881 -2.48963531
 -2.50058849 -2.51168545 -2.53277239 -2.54265362 -2.56115929 -2.56383268
 -2.58590305 -2.60133056 -2.6064679  -2.61806405 -2.62269507 -2.64119252
 -2.64420173 -2.66240702 -2.66819238 -2.68233901 -2.69941502 -2.71256084
 -2.69883453 -2.72771898 -2.72578344 -2.73956572 -2.76068009 -2.76577472
 -2.77317213 -2.78005187 -2.79264278 -2.79853346 -2.80853734 -2.81956949
 -2.82353688 -2.84042393 -2.83982516 -2.85959129 -2.85759538 -2.88405779
 -2.8787218  -2.88947606 -2.87550762 -2.87005662 -2.85813851 -2.85696236
 -2.83836938 -2.80589441 -2.79641141 -2.80572686 -2.78129665 -2.77216575
 -2.75077932 -2.75552848 -2.7418605  -2.73296851 -2.73749876 -2.70885381
 -2.70950199 -2.69734877 -2.66495023 -2.6704237  -2.67059614 -2.67034004
 -2.65863674 -2.63325786 -2.64645837 -2.63940497 -2.624275   -2.64272901
 -2.62324694 -2.60353325 -2.61420848 -2.59754876 -2.59879425 -2.59293232
 -2.5803575  -2.56282431 -2.57535932 -2.55522081 -2.5606057  -2.55743836
 -2.53628275 -2.5318103  -2.54308582 -2.53494684 -2.5302782  -2.52528711
 -2.51729038 -2.51427592 -2.50829664 -2.51213641 -2.50214153 -2.50136495
 -2.50233767 -2.49575442 -2.49423955 -2.47475748 -2.46927131 -2.45108812
 -2.47145043 -2.46039753 -2.44921222 -2.44377272 -2.43563726 -2.44636133
 -2.4410599  -2.44849151 -2.44258678 -2.42318712 -2.42922244 -2.41177491
 -2.4034414  -2.39499335 -2.39104733 -2.40317916 -2.39289845 -2.38240061
 -2.39329095 -2.38488775 -2.37159516 -2.36358566 -2.36662525 -2.35231609
 -2.34835348 -2.34643603 -2.33110382 -2.33030824 -2.33582534 -2.32237112
 -2.31279463 -2.30875929 -2.30559288 -2.2932623  -2.29906269 -2.28315947
 -2.274182   -2.27604104 -2.26600306 -2.25429639 -2.24699589 -2.24697271
 -2.23307088 -2.22765915 -2.21325789 -2.20301538 -2.19784801 -2.18839506
 -2.17714203 -2.16499223 -2.15580706 -2.14442451 -2.13550923 -2.12325841
 -2.10915616 -2.09483137 -2.0819119  -2.06725616 -2.05147844 -2.03583509
 -2.01817212 -1.99970155 -1.97996066 -1.95889407 -1.9368134  -1.91205224
 -1.88667174 -1.85836172 -1.83030874 -1.79397262 -1.76221402 -1.73576496
 -1.70466129 -1.67618055 -1.6561143  -1.6239523  -1.59848793 -1.56709192
 -1.53941889 -1.50926113 -1.4819     -1.44988155 -1.41958556 -1.38761066
 -1.26455604 -1.08876848 -1.04354614 -0.99907089 -0.9492597  -0.903271
 -0.86336697 -0.81134928 -0.75809644 -0.71069129 -0.66450153 -0.60620703
 -0.55681446 -0.50374435 -0.43389445 -0.38417434 -0.32199138 -0.25649221
 -0.20063492 -0.13464726 -0.06922614  0.0126394   0.08713988  0.13861052
  0.21912857  0.3302145  -1.20644328 -1.22901661 -1.23151559 -1.22751485
 -1.2298219  -1.22588172 -1.21448909 -1.21629979 -1.18903337 -1.19642413
 -1.17180956 -1.16479493 -1.14944643 -1.11308667 -1.07634498 -1.00119531
 -0.09375175 -0.113029   -0.1378402  -0.12571606 -0.11218524 -0.104084
 -0.07665789 -0.03121344  0.97471424  0.97205446  0.98288954  1.03076716],[-0.12699231 -0.07799034 -0.02619633 -0.14770363 -0.12143958 -0.09435908
 -0.05828446 -0.02711821  0.00588378  0.04072415  0.08112287 -0.15599895
 -0.13960692 -0.13487724 -0.11937994 -0.11593343 -0.09502212 -0.09407775
 -0.06176081 -0.06083482 -0.0485779  -0.01919133 -0.01289671  0.01124683
  0.02917098  0.0570927   0.09244502  0.97058054  1.00226259  1.03672197
  1.09133588  1.14299331  0.99702513  0.95433451  0.94995695  0.96416668
  0.95731029  0.97583628  0.98844994  1.033029    1.06363739  1.10246921
  2.52974618  2.52190955  2.53357227  2.52981934  2.53905973  2.52446236
  2.54252683  2.53424191  2.4446422   2.25447396  2.08300989  1.97837186
  1.99281023  1.98855897  2.00103953  2.019666    1.98715922  2.00122521
  2.00771846  1.98046757  1.90787798  1.82914694  1.76596444  1.68663163
  1.60233019  1.55092256  1.47693278  1.43139519  1.37846517  1.33527214
  1.29373701  1.23840493  1.16646539  1.13551629  1.10118217  1.07767737
  1.05444665  0.99774811  0.96649315  0.93605827  0.89593908  0.87118967
  0.82642421  0.80810294  0.79703704  0.75252613  0.73458301  0.71312523
  0.68052769  0.65046048  0.64370989  0.61376432  0.60247937  0.56154431
  0.55811021  0.54263423  0.51041971  0.4901848   0.4599314   0.45166001
  0.42105904  0.41275761  0.38774478  0.37436792  0.36470976  0.3501922
  0.30490668  0.30919333  0.27928039  0.26680773  0.26163675  0.24045004
  0.22193795  0.20329862  0.18996381  0.17097295  0.15565814  0.14122913
  0.1214852   0.11150297  0.08894605  0.08068943  0.0578119   0.05329699
  0.02886122  0.01440574 -0.01383558 -0.03652441 -0.06190225 -0.08118171
 -0.10821565 -0.14034917 -0.1611039  -0.17363068 -0.19925696 -0.21812726
 -0.24066188 -0.25369448 -0.27237475 -0.28901284 -0.30158054 -0.32245858
 -0.33539859 -0.3509777  -0.36995331 -0.3809973  -0.39300339 -0.40500951
 -0.41835299 -0.43266845 -0.44267365 -0.45452385 -0.46652216 -0.47679958
 -0.4883688  -0.49925107 -0.50997696 -0.5201264  -0.53064547 -0.54073002
 -0.55004673 -0.55843092 -0.56992603 -0.5773156  -0.58808046 -0.59758514
 -0.6035402  -0.61234166 -0.62468843 -0.63268884 -0.64140387 -0.6499446
 -0.6574771  -0.66642884 -0.67435588 -0.68574313 -0.69209958 -0.70191543
 -0.71258607 -0.72008569 -0.72983489 -0.73092661 -0.73848317 -0.73923027
 -0.76071904 -0.76520607 -0.76931511 -0.77670739 -0.78231978 -0.80049577
 -0.80826148 -0.825284   -0.83295603 -0.83007933 -0.84703521 -0.84498481
 -0.85017872 -0.85513414 -0.86414679 -0.88884528 -0.89240699 -0.89550512
 -0.92128219 -0.9270006  -0.92702086 -0.93286511 -0.9523179  -0.95052884
 -0.9618787  -0.97644045 -0.9724905  -0.98934315 -1.01678443 -1.01557619
 -1.02026959 -1.0344981  -1.05103635 -1.05129886 -1.08672212 -1.08036436
 -1.08781288 -1.11985737 -1.12655369 -1.12932827 -1.14340634 -1.17855598
 -1.17693406 -1.20076151 -1.19768699 -1.20821264 -1.23866641 -1.25598036
 -1.26774818 -1.27679652 -1.30225753 -1.3199262  -1.35661972 -1.37831455
 -1.3905922  -1.40424866 -1.43881879 -1.46522309 -1.48710057 -1.53388403
 -1.55732209 -1.58849986 -1.63006962 -1.6676926  -1.69910295 -1.75255726
 -1.7910506  -1.84386624 -1.87870298 -1.96293143 -1.99853326 -1.99596618
 -2.01696136 -2.02116379 -1.98737004 -2.00617898 -1.99648643 -2.0078272
 -2.0046582  -2.00856358 -2.00295085 -2.00976464 -2.0104017  -2.01412661
 -2.23101642 -2.54507467 -2.5495693  -2.55068628 -2.56069828 -2.5611775
 -2.54909593 -2.55738073 -2.56547208 -2.56194274 -2.55512389 -2.56503594
 -2.55975219 -2.55810429 -2.57698992 -2.5668747  -2.57089264 -2.57656777
 -2.56868091 -2.57044283 -2.56927042 -2.58292634 -2.58592581 -2.56402852
 -2.56817476 -2.59694327 -1.18877252 -1.14588718 -1.12127088 -1.1025044
 -1.07935225 -1.06141913 -1.04901705 -1.02761663 -1.02565773 -1.0011475
 -0.99665013 -0.98123545 -0.97050494 -0.97062005 -0.96966997 -0.98619596
 -1.23076942 -1.18583778 -1.14023688 -1.10804093 -1.07621719 -1.04270476
 -1.01442181 -0.98994077 -1.18579154 -1.1307601  -1.07885043 -1.03344463]
[ 1.05309879  1.00056018  0.98235534 -0.02915814 -0.06729764 -0.09498322
 -0.10876876 -0.11635273 -0.12527513 -0.12033117 -0.08485868 -1.01422665
 -1.08975586 -1.12838487 -1.13819439 -1.15959419 -1.16381274 -1.18148883
 -1.17878191 -1.20470571 -1.20135314 -1.21047817 -1.19623914 -1.21021017
 -1.20020396 -1.20965272 -1.20189773 -1.16575034 -0.07133159 -0.08242052
 -0.10467237 -0.10544676 -0.10835996 -0.95239224 -1.01888175 -1.06743646
 -1.0882357  -1.11767815 -1.14348844 -1.17462048 -1.19654679 -1.20991592
 -1.21588575 -0.59052586 -0.64478116 -0.71333217 -0.77315423 -0.83926262
 -0.89514349 -0.96114373 -1.01856664 -1.10890896 -1.21406151 -1.31091388
 -1.37468052 -1.4250627  -1.46660331 -1.51268764 -1.55746276 -1.60439997
 -1.65103228 -1.69489233 -1.73725215 -1.79121517 -1.83832381 -1.88452474
 -1.92507387 -1.96440057 -2.00120863 -2.03588772 -2.06887493 -2.09919954
 -2.1303606  -2.15804341 -2.18392369 -2.207912   -2.23625141 -2.25666068
 -2.27810537 -2.30093244 -2.31973957 -2.33968349 -2.36279695 -2.37889766
 -2.40024874 -2.4063582  -2.42474323 -2.43711208 -2.45544014 -2.47468667
 -2.4910173  -2.49681588 -2.52180209 -2.53320133 -2.54326689 -2.55816887
 -2.57031568 -2.58120997 -2.5968998  -2.6175447  -2.62282378 -2.63469464
 -2.64421136 -2.65684045 -2.66119822 -2.67488319 -2.69027904 -2.69808099
 -2.70805397 -2.71595449 -2.72586883 -2.7403927  -2.74510132 -2.75009978
 -2.77596283 -2.76690414 -2.78293411 -2.78620853 -2.81170648 -2.81380596
 -2.81197995 -2.83746956 -2.84223036 -2.85834062 -2.84725543 -2.86899716
 -2.88015036 -2.88652333 -2.89944678 -2.88561155 -2.88429313 -2.87358883
 -2.82779486 -2.82112189 -2.82473406 -2.81261407 -2.79506909 -2.78086533
 -2.77063355 -2.75889092 -2.75591782 -2.73195035 -2.7146023  -2.72290822
 -2.70787681 -2.71059511 -2.68014135 -2.66639278 -2.68015118 -2.6612269
 -2.66834205 -2.65430693 -2.65577011 -2.63732021 -2.62966086 -2.61823919
 -2.59910467 -2.61306778 -2.62182953 -2.60468689 -2.58286978 -2.59484249
 -2.5727816  -2.57288658 -2.57293789 -2.57615711 -2.57776584 -2.56308361
 -2.56044839 -2.55123554 -2.51853423 -2.543013   -2.52832112 -2.51768568
 -2.52457567 -2.51270146 -2.51982604 -2.5126205  -2.51187334 -2.52339881
 -2.49523483 -2.48876909 -2.47233544 -2.48657101 -2.47925224 -2.48964913
 -2.46453092 -2.48022448 -2.46460433 -2.44601934 -2.42825702 -2.44026041
 -2.43144151 -2.45309815 -2.42119296 -2.4299535  -2.43055548 -2.41596403
 -2.42164706 -2.42133187 -2.41190649 -2.40480516 -2.39992103 -2.38230946
 -2.38388189 -2.3762344  -2.37606678 -2.37702073 -2.36703277 -2.36903109
 -2.35808783 -2.34700879 -2.35133377 -2.34553527 -2.34192027 -2.32731593
 -2.32126174 -2.32538404 -2.31025149 -2.30331103 -2.29262453 -2.28806917
 -2.28585185 -2.27597536 -2.27773385 -2.25668196 -2.25462724 -2.24055373
 -2.24056104 -2.23221161 -2.22179867 -2.21698619 -2.19947982 -2.19619429
 -2.18806102 -2.17741882 -2.16989856 -2.15826444 -2.14573635 -2.13353822
 -2.12039975 -2.11038313 -2.0961307  -2.08414174 -2.06897784 -2.05288581
 -2.03674946 -2.01949744 -2.00095742 -1.98143456 -1.96123717 -1.93797997
 -1.91376882 -1.88652725 -1.86074733 -1.82977793 -1.79615901 -1.76404886
 -1.73291124 -1.70698313 -1.67697796 -1.651617   -1.62753012 -1.59575796
 -1.57344917 -1.54084287 -1.50625568 -1.47908698 -1.45167399 -1.42045403
 -1.39123256 -1.26571038 -1.08319216 -1.04991804 -0.99544225 -0.95229928
 -0.90770312 -0.86241998 -0.80792006 -0.77448617 -0.71529699 -0.66045443
 -0.60680175 -0.55793605 -0.50821459 -0.45100876 -0.38131778 -0.33509935
 -0.26280415 -0.21346714 -0.13556628 -0.06624539 -0.00830807  0.07559264
  0.13746824  0.23320446  0.29538148 -1.21661773 -1.22651682 -1.22538919
 -1.24054088 -1.22776277 -1.23362154 -1.20650597 -1.20918426 -1.21736061
 -1.18716555 -1.1765138  -1.16464346 -1.14593318 -1.10450738 -1.08646216
 -1.03539766 -0.09445222 -0.12672572 -0.1274484  -0.1183557  -0.10883687
 -0.08219216 -0.07078635 -0.02457498  0.99464637  0.97889571  0.96233188
  1.03657195],[-1.25596018e-01 -7.87527674e-02 -2.80768847e-02 -1.52986194e-01
 -1.24802753e-01 -9.55403941e-02 -6.38198638e-02 -3.07790004e-02
  1.92614696e-03  3.86031296e-02  8.51588591e-02 -1.41583779e-01
 -1.50950915e-01 -1.48186898e-01 -1.34505866e-01 -1.26126987e-01
 -1.10356331e-01 -1.01040275e-01 -8.17988597e-02 -7.73428622e-02
 -5.74856212e-02 -4.43273949e-02 -1.71819175e-02 -6.58928036e-03
  1.93176395e-02  3.30472464e-02  5.88185200e-02  1.06133484e-01
  9.53539644e-01  9.98395162e-01  1.03505772e+00  1.09000845e+00
  1.14470608e+00  9.97040578e-01  9.55522402e-01  9.37037093e-01
  9.60214509e-01  9.69589955e-01  9.84760164e-01  9.90344810e-01
  1.01248729e+00  1.05213953e+00  1.10929609e+00  2.52465399e+00
  2.54602844e+00  2.53349022e+00  2.53899042e+00  2.52642439e+00
  2.53834986e+00  2.52003158e+00  2.52373467e+00  2.41803454e+00
  2.24452038e+00  2.07558274e+00  2.01222103e+00  1.99491817e+00
  2.01449370e+00  2.01260807e+00  2.01601095e+00  2.00476909e+00
  1.99106989e+00  1.99421690e+00  2.01090743e+00  1.89973088e+00
  1.82885241e+00  1.72589971e+00  1.67968104e+00  1.60817503e+00
  1.54590442e+00  1.48618875e+00  1.43710728e+00  1.36919407e+00
  1.34633142e+00  1.29200352e+00  1.23779179e+00  1.18283814e+00
  1.17176468e+00  1.11221362e+00  1.06970760e+00  1.04128329e+00
  9.97905264e-01  9.65424018e-01  9.49568223e-01  9.08868897e-01
  8.90923335e-01  8.24495171e-01  8.02808817e-01  7.65256319e-01
  7.47284289e-01  7.32738354e-01  7.11599290e-01  6.66857835e-01
  6.68542357e-01  6.40129167e-01  6.10648473e-01  5.92355483e-01
  5.69590360e-01  5.45602389e-01  5.31014652e-01  5.24996398e-01
  4.94031441e-01  4.74718496e-01  4.52523296e-01  4.35567994e-01
  4.07624590e-01  3.93219137e-01  3.81188357e-01  3.59781440e-01
  3.41598061e-01  3.21430885e-01  3.04023373e-01  2.91880638e-01
  2.69523980e-01  2.48089393e-01  2.47364102e-01  2.13215109e-01
  2.03057306e-01  1.81576415e-01  1.79269683e-01  1.57207631e-01
  1.32621784e-01  1.29340644e-01  1.10208559e-01  9.93370821e-02
  6.98320770e-02  6.27104367e-02  4.83826365e-02  3.11070721e-02
  1.77511090e-02 -1.06148418e-02 -3.13048511e-02 -5.63502183e-02
 -9.76946092e-02 -1.18517325e-01 -1.34194550e-01 -1.56431581e-01
 -1.80112925e-01 -2.01572192e-01 -2.20807993e-01 -2.39966135e-01
 -2.55639316e-01 -2.77449348e-01 -2.96298119e-01 -3.07484832e-01
 -3.24672703e-01 -3.37092846e-01 -3.56556006e-01 -3.71570341e-01
 -3.81156885e-01 -3.96337210e-01 -4.07117566e-01 -4.20688183e-01
 -4.32084189e-01 -4.45230040e-01 -4.56939049e-01 -4.68549353e-01
 -4.80008819e-01 -4.90211700e-01 -5.00895284e-01 -5.11430537e-01
 -5.21209995e-01 -5.32012866e-01 -5.40871306e-01 -5.50921379e-01
 -5.61000248e-01 -5.71507219e-01 -5.81945506e-01 -5.89909891e-01
 -5.99529685e-01 -6.07837517e-01 -6.10884635e-01 -6.26014473e-01
 -6.32355141e-01 -6.39323388e-01 -6.51010966e-01 -6.57319473e-01
 -6.69453700e-01 -6.77040989e-01 -6.86818230e-01 -7.01406427e-01
 -7.00557282e-01 -7.07918285e-01 -7.10722843e-01 -7.27297429e-01
 -7.34130257e-01 -7.49851122e-01 -7.47333046e-01 -7.66509283e-01
 -7.68531200e-01 -7.68261655e-01 -7.67844873e-01 -7.86125432e-01
 -7.91201864e-01 -8.17430575e-01 -8.06152373e-01 -8.24105186e-01
 -8.36471355e-01 -8.36895424e-01 -8.53830033e-01 -8.66254495e-01
 -8.70846524e-01 -8.77418494e-01 -8.86097435e-01 -8.82171125e-01
 -8.97348337e-01 -9.03251576e-01 -9.17416564e-01 -9.33426152e-01
 -9.37083774e-01 -9.55344982e-01 -9.57915016e-01 -9.60031546e-01
 -9.83057922e-01 -9.92912549e-01 -1.00630125e+00 -1.00334686e+00
 -1.01339081e+00 -1.04073431e+00 -1.03650599e+00 -1.04625092e+00
 -1.04933287e+00 -1.06427376e+00 -1.08490484e+00 -1.09055892e+00
 -1.12243284e+00 -1.10322262e+00 -1.12862834e+00 -1.12493649e+00
 -1.15907446e+00 -1.17237679e+00 -1.18044063e+00 -1.20735965e+00
 -1.19307916e+00 -1.22938592e+00 -1.25118172e+00 -1.26508360e+00
 -1.29555189e+00 -1.31001525e+00 -1.32181519e+00 -1.33780839e+00
 -1.35059217e+00 -1.39192271e+00 -1.40622256e+00 -1.45152182e+00
 -1.47344888e+00 -1.49154390e+00 -1.52563843e+00 -1.56285478e+00
 -1.59550794e+00 -1.61919898e+00 -1.63818366e+00 -1.70235878e+00
 -1.74751986e+00 -1.80858453e+00 -1.83466229e+00 -1.89478209e+00
 -1.95783948e+00 -1.99640601e+00 -2.02079673e+00 -2.01301698e+00
 -2.02486170e+00 -2.01383237e+00 -1.99842160e+00 -2.01291360e+00
 -1.99159942e+00 -2.00566841e+00 -2.02323618e+00 -2.01632798e+00
 -2.00985447e+00 -2.01297526e+00 -2.00983685e+00 -2.23280023e+00
 -2.56193318e+00 -2.54011812e+00 -2.56221833e+00 -2.55871807e+00
 -2.55672592e+00 -2.55459213e+00 -2.56701699e+00 -2.54181253e+00
 -2.55810639e+00 -2.56481265e+00 -2.56753967e+00 -2.56146800e+00
 -2.55520486e+00 -2.55747093e+00 -2.57366019e+00 -2.55778078e+00
 -2.57206396e+00 -2.55688659e+00 -2.57233644e+00 -2.57533153e+00
 -2.56405488e+00 -2.57715112e+00 -2.56565336e+00 -2.58398290e+00
 -2.56822479e+00 -1.18262770e+00 -1.15064637e+00 -1.12885660e+00
 -1.09491861e+00 -1.08345861e+00 -1.05831763e+00 -1.05709314e+00
 -1.03487029e+00 -1.00968711e+00 -1.00932344e+00 -9.96184204e-01
 -9.83653089e-01 -9.74752446e-01 -9.77451162e-01 -9.66756726e-01
 -9.71727705e-01 -1.23254309e+00 -1.18287231e+00 -1.14580908e+00
 -1.11240201e+00 -1.07918625e+00 -1.05090176e+00 -1.01789143e+00
 -9.93467071e-01 -1.19220315e+00 -1.13400251e+00 -1.07662181e+00
 -1.03620899e+00]
[ 1.04179702e+00  9.90927968e-01  9.93631780e-01 -8.55021651e-03
 -5.83387604e-02 -8.96460501e-02 -1.00649304e-01 -1.05162847e-01
 -1.00802080e-01 -1.30287790e-01 -1.01349049e-01 -1.04296569e+00
 -1.07880810e+00 -1.13882297e+00 -1.14932585e+00 -1.14846173e+00
 -1.16173537e+00 -1.18569419e+00 -1.17259858e+00 -1.19493319e+00
 -1.21986257e+00 -1.21383916e+00 -1.21741076e+00 -1.20587207e+00
 -1.22153040e+00 -1.21011508e+00 -1.20683115e+00 -1.19521177e+00
 -3.66575769e-02 -9.23861910e-02 -1.04137842e-01 -1.09664434e-01
 -1.05147017e-01 -9.43033185e-01 -1.03435685e+00 -1.05462729e+00
 -1.09464436e+00 -1.12538722e+00 -1.14874253e+00 -1.18060356e+00
 -1.19237795e+00 -1.20871867e+00 -1.21430020e+00 -5.86572248e-01
 -6.51878487e-01 -7.17024389e-01 -7.69908399e-01 -8.39667689e-01
 -8.98251995e-01 -9.53605132e-01 -1.01003365e+00 -1.10210650e+00
 -1.21514854e+00 -1.31182345e+00 -1.37929376e+00 -1.42855414e+00
 -1.46883627e+00 -1.51621573e+00 -1.56168115e+00 -1.60325852e+00
 -1.65289212e+00 -1.69329870e+00 -1.73842202e+00 -1.79018903e+00
 -1.83845722e+00 -1.88300005e+00 -1.92536134e+00 -1.96440850e+00
 -2.00135949e+00 -2.03587228e+00 -2.06874950e+00 -2.10049299e+00
 -2.12864940e+00 -2.15835233e+00 -2.18276718e+00 -2.20936061e+00
 -2.23231434e+00 -2.25567836e+00 -2.27877922e+00 -2.29728184e+00
 -2.32017374e+00 -2.33822660e+00 -2.35579524e+00 -2.37698950e+00
 -2.39411803e+00 -2.41050926e+00 -2.42356534e+00 -2.44456019e+00
 -2.45975450e+00 -2.47257071e+00 -2.49188772e+00 -2.49888989e+00
 -2.51400086e+00 -2.52335030e+00 -2.54159450e+00 -2.56529496e+00
 -2.56400896e+00 -2.57239802e+00 -2.59823409e+00 -2.59943286e+00
 -2.60540018e+00 -2.62524862e+00 -2.63975413e+00 -2.64803056e+00
 -2.66652986e+00 -2.67233056e+00 -2.67934639e+00 -2.69428905e+00
 -2.70368269e+00 -2.71176210e+00 -2.71572776e+00 -2.73977617e+00
 -2.74501852e+00 -2.75686859e+00 -2.76081659e+00 -2.76976391e+00
 -2.78998196e+00 -2.80289845e+00 -2.80706582e+00 -2.82048237e+00
 -2.82641099e+00 -2.83720834e+00 -2.84218347e+00 -2.85169545e+00
 -2.86198792e+00 -2.86659129e+00 -2.87306790e+00 -2.87090308e+00
 -2.90445880e+00 -2.89232642e+00 -2.87156852e+00 -2.86595389e+00
 -2.83816752e+00 -2.82497190e+00 -2.81726111e+00 -2.80697791e+00
 -2.79308364e+00 -2.78174646e+00 -2.77899133e+00 -2.76806173e+00
 -2.74061987e+00 -2.74638080e+00 -2.74248048e+00 -2.71963795e+00
 -2.71732739e+00 -2.68985879e+00 -2.66749618e+00 -2.69967852e+00
 -2.69057302e+00 -2.67678323e+00 -2.64482031e+00 -2.65814135e+00
 -2.65443115e+00 -2.64291351e+00 -2.64633266e+00 -2.61858245e+00
 -2.61761942e+00 -2.62581064e+00 -2.62664290e+00 -2.59863146e+00
 -2.59348839e+00 -2.60419323e+00 -2.58666777e+00 -2.59036579e+00
 -2.57507669e+00 -2.58703239e+00 -2.57896101e+00 -2.55474533e+00
 -2.54470345e+00 -2.56729000e+00 -2.54965805e+00 -2.54389858e+00
 -2.53636344e+00 -2.52648969e+00 -2.52150934e+00 -2.53070076e+00
 -2.53018033e+00 -2.50814006e+00 -2.51487240e+00 -2.48928224e+00
 -2.48780105e+00 -2.48928751e+00 -2.47736569e+00 -2.47969431e+00
 -2.48204229e+00 -2.47174244e+00 -2.46878037e+00 -2.47457508e+00
 -2.46978071e+00 -2.46507045e+00 -2.44752752e+00 -2.46382691e+00
 -2.44581288e+00 -2.43493396e+00 -2.44190838e+00 -2.43746129e+00
 -2.44181574e+00 -2.42584022e+00 -2.41767731e+00 -2.40296604e+00
 -2.41025174e+00 -2.41161514e+00 -2.40415673e+00 -2.39367181e+00
 -2.38228439e+00 -2.38804827e+00 -2.37807214e+00 -2.37606380e+00
 -2.37027113e+00 -2.35580620e+00 -2.36054149e+00 -2.34896767e+00
 -2.34948755e+00 -2.33625110e+00 -2.33110834e+00 -2.32138349e+00
 -2.32126713e+00 -2.30943876e+00 -2.31765172e+00 -2.30186239e+00
 -2.29562591e+00 -2.28625838e+00 -2.28776396e+00 -2.27639025e+00
 -2.26479275e+00 -2.26939895e+00 -2.26403389e+00 -2.24792752e+00
 -2.24770115e+00 -2.23266115e+00 -2.22630059e+00 -2.21381446e+00
 -2.20434708e+00 -2.20021485e+00 -2.19059520e+00 -2.17424673e+00
 -2.16857450e+00 -2.15695027e+00 -2.14785442e+00 -2.13226369e+00
 -2.12223357e+00 -2.10950661e+00 -2.09845567e+00 -2.08345114e+00
 -2.06943181e+00 -2.05325354e+00 -2.03721669e+00 -2.02007298e+00
 -2.00150457e+00 -1.98167172e+00 -1.96037956e+00 -1.93868677e+00
 -1.91526313e+00 -1.88801738e+00 -1.86040621e+00 -1.83109130e+00
 -1.79673526e+00 -1.76399809e+00 -1.73477446e+00 -1.70920603e+00
 -1.68350884e+00 -1.65098033e+00 -1.62087665e+00 -1.60060436e+00
 -1.56559204e+00 -1.54408721e+00 -1.51089273e+00 -1.47882090e+00
 -1.44979498e+00 -1.42521207e+00 -1.39510447e+00 -1.27044872e+00
 -1.08423797e+00 -1.04222566e+00 -9.94631172e-01 -9.49943389e-01
 -9.04339509e-01 -8.49365010e-01 -8.10026282e-01 -7.65542469e-01
 -7.15371602e-01 -6.67612148e-01 -6.12761160e-01 -5.51612108e-01
 -4.98348162e-01 -4.50289908e-01 -3.97691542e-01 -3.28238973e-01
 -2.65822701e-01 -2.02905029e-01 -1.43150040e-01 -6.87986973e-02
 -2.63784669e-03  6.48798185e-02  1.33481228e-01  2.35387538e-01
  3.17721980e-01 -1.21488562e+00 -1.21408443e+00 -1.22648995e+00
 -1.22672864e+00 -1.22709899e+00 -1.22385830e+00 -1.22615018e+00
 -1.21235180e+00 -1.19919768e+00 -1.18969950e+00 -1.18565433e+00
 -1.16806760e+00 -1.13110006e+00 -1.12196501e+00 -1.09485214e+00
 -1.02341533e+00 -9.68788060e-02 -1.15979358e-01 -1.38618036e-01
 -1.37519221e-01 -1.07679368e-01 -1.09450600e-01 -5.72643102e-02
 -4.81667385e-02  9.58545424e-01  9.66100104e-01  9.95791357e-01
  1.03404804e+00],[-0.12643443 -0.07954507 -0.02572282 -0.1486481  -0.1223457  -0.09368087
 -0.06121304 -0.02725045  0.00922814  0.03649883  0.08086849 -0.15114476
 -0.14583415 -0.15147662 -0.13829535 -0.12022642 -0.10843584 -0.10212985
 -0.07768115 -0.07116892 -0.06675985 -0.04527473 -0.02890446 -0.00287221
  0.00648121  0.03375577  0.05639031  0.08575646  0.98048193  0.99142915
  1.03631513  1.08729491  1.14832461  1.01147677  0.93368144  0.95788162
  0.95109339  0.95791117  0.97682578  0.9807358   1.02152488  1.05569668
  1.11375889  2.53390107  2.53086266  2.52558113  2.5478201   2.52618207
  2.53063003  2.54276043  2.55084144  2.44119004  2.24173783  2.07330356
  1.99490018  1.98102163  2.00524282  1.99576126  1.99344433  2.01339774
  1.97935718  2.00880657  2.00151114  1.91352559  1.82945519  1.75827728
  1.67616049  1.61675604  1.53844974  1.47711943  1.42970064  1.3914989
  1.32023624  1.2943588   1.22589393  1.1939573   1.14325401  1.10563577
  1.07326051  1.02232365  0.99984491  0.95907554  0.92151034  0.90182203
  0.86966637  0.83822584  0.79937457  0.78711214  0.7593964   0.72751555
  0.71407257  0.67208105  0.65138721  0.61939016  0.60762691  0.60677146
  0.55817478  0.53016735  0.53380855  0.49535289  0.46666007  0.4607014
  0.44645791  0.42354255  0.41553204  0.39041355  0.36779001  0.35570554
  0.33700675  0.3172369   0.29339972  0.29187157  0.27009942  0.25552901
  0.23342034  0.21657155  0.21010433  0.19679463  0.17609659  0.16334333
  0.14463299  0.12989116  0.11092961  0.09544856  0.08053985  0.06192809
  0.04474533  0.02251691  0.02145021 -0.00608303 -0.03725583 -0.0594205
 -0.0918152  -0.11589649 -0.13668963 -0.15798699 -0.18007385 -0.20038796
 -0.21691441 -0.23595172 -0.25974825 -0.27217094 -0.28743259 -0.30748319
 -0.32143316 -0.34099131 -0.35835178 -0.36420101 -0.37841248 -0.39296196
 -0.40950605 -0.41929373 -0.43129444 -0.44380531 -0.45483136 -0.46758469
 -0.47841014 -0.48902858 -0.49992674 -0.5103518  -0.52060254 -0.53151593
 -0.5408506  -0.55145133 -0.56021902 -0.57182817 -0.58109176 -0.58756219
 -0.59571931 -0.6099159  -0.61645356 -0.62516247 -0.63329732 -0.64061256
 -0.64905314 -0.66173591 -0.67172227 -0.6743955  -0.68679784 -0.68718955
 -0.69642652 -0.70700214 -0.71181889 -0.72293592 -0.73432679 -0.73955227
 -0.74840986 -0.76218244 -0.77031542 -0.77849544 -0.77866474 -0.80019383
 -0.79964971 -0.80345183 -0.81993348 -0.82847922 -0.84397128 -0.84358447
 -0.84917581 -0.84895229 -0.8680047  -0.88240179 -0.88880532 -0.89213734
 -0.89428074 -0.91448898 -0.91819374 -0.93085486 -0.9394537  -0.93750299
 -0.95952307 -0.96107771 -0.97893637 -0.97804861 -0.98863979 -0.99255423
 -1.01171122 -1.01247494 -1.04756794 -1.0418479  -1.0531511  -1.05885211
 -1.08690947 -1.08948747 -1.09135089 -1.13111359 -1.14977752 -1.14195276
 -1.17641719 -1.17132953 -1.19185387 -1.19444102 -1.20740493 -1.24160457
 -1.25841068 -1.24824589 -1.28601768 -1.29971783 -1.33000999 -1.32560924
 -1.35905964 -1.37963832 -1.42245579 -1.43668977 -1.4714398  -1.48747845
 -1.52271255 -1.56382412 -1.59603598 -1.6362866  -1.67773198 -1.69868418
 -1.73336059 -1.79723187 -1.84253193 -1.88797827 -1.95709342 -1.99964151
 -2.01277902 -2.00381193 -1.99610977 -2.01834382 -2.02666842 -1.9962233
 -2.02025195 -1.99618219 -2.00998533 -2.01802018 -2.01584423 -2.0013245
 -2.00092304 -2.22231745 -2.56031288 -2.55727573 -2.56449057 -2.56389728
 -2.56355804 -2.57860582 -2.56378933 -2.55707327 -2.55832947 -2.55409989
 -2.5589828  -2.57074823 -2.56900453 -2.55861797 -2.55287365 -2.5663995
 -2.56859475 -2.56914282 -2.56400324 -2.5726669  -2.56998195 -2.56648061
 -2.56182947 -2.58603757 -2.58834533 -1.18377291 -1.16069916 -1.12756845
 -1.10529508 -1.0835301  -1.06496689 -1.04288262 -1.03226486 -1.02099971
 -1.00724832 -0.99018886 -0.98116287 -0.98245331 -0.96764039 -0.96194517
 -0.97703296 -1.23115467 -1.18631109 -1.14147792 -1.10568012 -1.07903648
 -1.04257364 -1.02099613 -0.98706087 -1.18346965 -1.13087229 -1.08270509
 -1.03534142]
[ 1.0447618   1.00574226  0.97418575 -0.00406498 -0.05342154 -0.0950899
 -0.1154097  -0.11669116 -0.11121336 -0.10832132 -0.08832523 -1.03261421
 -1.1007089  -1.12629542 -1.1361759  -1.14716999 -1.16988276 -1.17753946
 -1.18267919 -1.19856892 -1.20510155 -1.23202086 -1.19778117 -1.22159344
 -1.20750821 -1.20700686 -1.19691307 -1.20216854 -0.05146281 -0.08191457
 -0.09102313 -0.11814608 -0.10091685 -0.9507691  -1.02502032 -1.06732124
 -1.0964912  -1.12248908 -1.15591734 -1.1751894  -1.19180516 -1.20834299
 -1.20912805 -0.58616707 -0.64354107 -0.71023922 -0.77844605 -0.8343123
 -0.90306823 -0.95385319 -1.01217211 -1.10553731 -1.21836151 -1.31139385
 -1.37664417 -1.42497664 -1.47240041 -1.51545751 -1.5616412  -1.60507301
 -1.65011878 -1.69548013 -1.74163298 -1.79140375 -1.83864477 -1.88343396
 -1.92518074 -1.9644257  -2.00141317 -2.03593757 -2.06859257 -2.09950789
 -2.13020247 -2.15621641 -2.18416816 -2.2090921  -2.23355841 -2.25433551
 -2.27671051 -2.29989631 -2.31915633 -2.33695538 -2.35894906 -2.37497664
 -2.39569703 -2.40726662 -2.4277851  -2.44323743 -2.45633289 -2.47561504
 -2.49315187 -2.5053086  -2.52063823 -2.5306364  -2.54384365 -2.55473398
 -2.56558203 -2.58803761 -2.59755036 -2.60147665 -2.62668977 -2.62829752
 -2.62648442 -2.64227322 -2.66743959 -2.67116299 -2.67862334 -2.68957412
 -2.70851808 -2.70948391 -2.72155183 -2.73520153 -2.74126163 -2.77146912
 -2.75802552 -2.78021725 -2.77786209 -2.79459416 -2.8033593  -2.80920027
 -2.81974051 -2.81255455 -2.84586268 -2.847815   -2.86435835 -2.85950929
 -2.88716632 -2.89532723 -2.89854284 -2.89133378 -2.87595608 -2.8525695
 -2.84910896 -2.82786491 -2.82467543 -2.80791292 -2.80224234 -2.78178249
 -2.76443698 -2.76156362 -2.73503358 -2.72755924 -2.72922948 -2.73621461
 -2.70068398 -2.70474828 -2.681115   -2.68498331 -2.68735077 -2.67666532
 -2.66264971 -2.63982362 -2.66620469 -2.65119005 -2.63865791 -2.6303458
 -2.62757691 -2.63607197 -2.61355702 -2.59807454 -2.61063408 -2.59482816
 -2.57414505 -2.56931611 -2.5822023  -2.56863534 -2.57269235 -2.56620979
 -2.55420448 -2.54670124 -2.5337113  -2.56321362 -2.51406947 -2.53123321
 -2.52870438 -2.5287564  -2.50979592 -2.50870009 -2.52018819 -2.48441773
 -2.50476875 -2.48023678 -2.49117428 -2.47329052 -2.48140271 -2.49709966
 -2.46964574 -2.46063215 -2.46652565 -2.45724357 -2.43964914 -2.46138162
 -2.4398271  -2.43703201 -2.43193344 -2.43054602 -2.42298235 -2.41605289
 -2.42430933 -2.40755853 -2.40856074 -2.40430186 -2.39941493 -2.38773294
 -2.39723414 -2.38787307 -2.37858871 -2.36944038 -2.36854053 -2.36446163
 -2.34688968 -2.34443994 -2.34032935 -2.33419043 -2.34112503 -2.31944348
 -2.32383769 -2.31036947 -2.30766624 -2.31531634 -2.29135279 -2.28345974
 -2.28144602 -2.27743417 -2.27047484 -2.25951396 -2.24576783 -2.25770348
 -2.23627328 -2.22894424 -2.22977798 -2.21626897 -2.20722799 -2.19927926
 -2.18802543 -2.18213576 -2.17027367 -2.15916331 -2.14880518 -2.131928
 -2.12510298 -2.11003376 -2.09799386 -2.0837597  -2.0677285  -2.05349183
 -2.03720697 -2.01950198 -2.00099099 -1.98144537 -1.96069628 -1.93851183
 -1.9152235  -1.88724248 -1.86107796 -1.82863379 -1.79677633 -1.76387131
 -1.73668121 -1.7068839  -1.68073254 -1.65040773 -1.62284225 -1.59578554
 -1.56997949 -1.53397085 -1.51243954 -1.47991664 -1.45353939 -1.41802084
 -1.38858592 -1.26120552 -1.08676659 -1.03982537 -0.99930443 -0.95672285
 -0.90119975 -0.85896212 -0.81905818 -0.7682854  -0.722263   -0.66191998
 -0.612471   -0.55394643 -0.50546608 -0.44126389 -0.389864   -0.33678911
 -0.27473286 -0.19103936 -0.13667427 -0.06594833  0.00334718  0.05864249
  0.15437072  0.23183317  0.30130215 -1.21415093 -1.22804223 -1.22742243
 -1.23231745 -1.22911487 -1.20867795 -1.21840911 -1.19811252 -1.2030668
 -1.19097329 -1.18153935 -1.1751794  -1.14099315 -1.11153121 -1.07651859
 -1.02563284 -0.0852545  -0.13209718 -0.13358521 -0.13366036 -0.12220723
 -0.10705761 -0.06734111 -0.03505784  0.96155757  0.97052721  0.97189787
  1.03254561],[-0.12610314 -0.07750656 -0.02885322 -0.14809273 -0.12163792 -0.09509651
 -0.06488566 -0.03039292  0.0061687   0.04252441  0.08457927 -0.14784537
 -0.15472537 -0.14691044 -0.13321474 -0.120158   -0.11274988 -0.09867371
 -0.08334245 -0.07363469 -0.05911655 -0.0563188  -0.01765424 -0.01324748
  0.01503414  0.03529677  0.06277866  0.08014255  0.96908821  0.99936877
  1.04669722  1.07994068  1.15177691  1.00000283  0.94706503  0.9378663
  0.94766189  0.96225388  0.96391078  0.99001415  1.02211822  1.05595564
  1.12390557  2.53496739  2.549803    2.54179061  2.52692683  2.5403927
  2.51766999  2.54234999  2.54460169  2.43027162  2.23073649  2.07502979
  2.00562746  1.99664415  1.98864291  1.99988581  1.99395162  2.00231251
  1.99954729  1.99162803  1.97169407  1.90045883  1.82772153  1.7511715
  1.68298091  1.61895078  1.56132821  1.47802918  1.42377801  1.37172329
  1.34166959  1.26932873  1.23867765  1.1912784   1.15165201  1.09674121
  1.06112537  1.03537856  0.99467208  0.95319442  0.93378094  0.89393504
  0.87479275  0.82724771  0.81198335  0.78288815  0.74961317  0.73505666
  0.71680388  0.6868055   0.66589223  0.63461201  0.61182925  0.58562948
  0.56071768  0.55795629  0.53219273  0.49832386  0.50028938  0.46495338
  0.42634187  0.41487046  0.41632262  0.38840084  0.36639767  0.34941034
  0.34228877  0.31413363  0.29938038  0.28647062  0.26571024  0.26961998
  0.23021704  0.22580322  0.19867226  0.18904945  0.17245559  0.15367179
  0.13888087  0.11077087  0.11305057  0.09217563  0.08157626  0.05676436
  0.05298191  0.03661506  0.01745162 -0.00721735 -0.03550636 -0.06682274
 -0.08706265 -0.11513086 -0.13397484 -0.15817707 -0.17696284 -0.20096383
 -0.2228029  -0.23878362 -0.2621568  -0.2785224  -0.29183394 -0.30364762
 -0.32618842 -0.33816334 -0.35606694 -0.36767432 -0.37960228 -0.39360508
 -0.4076263  -0.42217147 -0.43069411 -0.44372093 -0.45601146 -0.46761452
 -0.47871369 -0.48950766 -0.50058745 -0.51100498 -0.52187124 -0.53169916
 -0.54065114 -0.55029129 -0.56165647 -0.57026254 -0.58091027 -0.59008164
 -0.59810241 -0.60662808 -0.61378201 -0.63035018 -0.62846667 -0.6426202
 -0.65185922 -0.66189193 -0.66585383 -0.67534923 -0.68950309 -0.68609353
 -0.70406405 -0.70394666 -0.71876242 -0.7207509  -0.73482595 -0.75329433
 -0.74969606 -0.75528781 -0.76928039 -0.77464462 -0.77459945 -0.79947895
 -0.79649064 -0.80580889 -0.81358499 -0.82417795 -0.83017755 -0.83658911
 -0.85568513 -0.85389719 -0.86744954 -0.87656299 -0.88522031 -0.88720417
 -0.91078517 -0.91533963 -0.91982007 -0.92430372 -0.93847807 -0.94929588
 -0.94316985 -0.95620973 -0.96749405 -0.97628947 -1.00470284 -0.99079691
 -1.0170871  -1.01530947 -1.03159244 -1.06747749 -1.04649676 -1.05477685
 -1.07541774 -1.09323201 -1.10566428 -1.10942809 -1.10621938 -1.16914929
 -1.14680391 -1.16239106 -1.20450803 -1.20450464 -1.21959041 -1.24037531
 -1.25049813 -1.28497242 -1.29675077 -1.31405708 -1.33862419 -1.32699762
 -1.3834202  -1.38837333 -1.42321608 -1.44633457 -1.45463002 -1.50204177
 -1.53736536 -1.56071037 -1.59875947 -1.6201074  -1.65417782 -1.69243202
 -1.72678184 -1.80033409 -1.83137484 -1.9038874  -1.95320421 -1.99725259
 -1.99914222 -2.0132313  -2.00690386 -2.0187587  -2.01690283 -2.01249256
 -2.00337525 -2.02780979 -2.00388053 -2.01358485 -2.0043945  -2.01897066
 -2.01604158 -2.24302937 -2.55347863 -2.56132777 -2.55387199 -2.54960843
 -2.56852153 -2.5603959  -2.54729592 -2.55169568 -2.54652472 -2.56211707
 -2.55869554 -2.56672142 -2.55854279 -2.56995284 -2.56227413 -2.55524366
 -2.5573967  -2.58222385 -2.57064584 -2.57518642 -2.57565563 -2.55973555
 -2.58149949 -2.58222701 -2.57307489 -1.18443825 -1.14903379 -1.12687679
 -1.10100847 -1.08210488 -1.07609962 -1.04842228 -1.04199689 -1.01862738
 -1.00660207 -0.992821   -0.97722578 -0.97714135 -0.97336537 -0.97146703
 -0.97612984 -1.23565064 -1.18049799 -1.14327646 -1.10701    -1.07467786
 -1.04335053 -1.01838799 -0.99042542 -1.18408085 -1.13173758 -1.07799303
 -1.03500798]
[ 1.03784762  0.98807618  0.99962118 -0.01033794 -0.05798563 -0.08854829
 -0.12121883 -0.10629274 -0.12134991 -0.11296362 -0.10460978 -1.02560593
 -1.09609395 -1.12378764 -1.13881738 -1.17104963 -1.18763445 -1.18437506
 -1.18262601 -1.20277482 -1.2108729  -1.2106133  -1.21592065 -1.21110503
 -1.21682804 -1.22375888 -1.21558543 -1.18764701 -0.0538052  -0.0823626
 -0.10200579 -0.10686418 -0.10324034 -0.95321977 -1.01895326 -1.06060752
 -1.09026156 -1.12864876 -1.1600397  -1.16762588 -1.19129853 -1.2078356
 -1.2135189  -0.58874271 -0.6521799  -0.71131072 -0.77010525 -0.83500617
 -0.89210993 -0.95616452 -1.01772186 -1.10388272 -1.21232831 -1.30505669
 -1.38386609 -1.42176376 -1.46680101 -1.51370975 -1.5632059  -1.60674788
 -1.64970001 -1.69418534 -1.73828914 -1.79016444 -1.8392154  -1.88344041
 -1.92516492 -1.96434007 -2.00108097 -2.03586513 -2.06870216 -2.09951613
 -2.12903653 -2.15809944 -2.18293047 -2.20815503 -2.23220834 -2.25390981
 -2.27622764 -2.30128864 -2.31825411 -2.34138465 -2.35637027 -2.37773747
 -2.39557249 -2.40938732 -2.42370641 -2.45136188 -2.46244077 -2.47309311
 -2.49278864 -2.50253958 -2.51799102 -2.52861554 -2.54406037 -2.55492206
 -2.5719149  -2.5804649  -2.60118796 -2.60719826 -2.61654302 -2.63639481
 -2.65091648 -2.64633268 -2.665209   -2.67566975 -2.69522083 -2.6908408
 -2.70817185 -2.72224271 -2.72302009 -2.73834372 -2.73876206 -2.7632146
 -2.76800558 -2.77851309 -2.78358019 -2.7885408  -2.810043   -2.82227445
 -2.82220075 -2.84314861 -2.82668407 -2.84528274 -2.84316199 -2.8577276
 -2.87225913 -2.88558832 -2.89859924 -2.90136086 -2.86750778 -2.86089272
 -2.85225544 -2.83821025 -2.82007704 -2.81816064 -2.7863012  -2.76904593
 -2.77311246 -2.76801927 -2.75176225 -2.75111863 -2.72051699 -2.72379657
 -2.71048791 -2.69863408 -2.69206391 -2.70529852 -2.66637157 -2.6798331
 -2.65461179 -2.6586915  -2.65097205 -2.64930651 -2.6545145  -2.65237306
 -2.61338106 -2.60513851 -2.60746545 -2.61710426 -2.59287412 -2.59044647
 -2.58689168 -2.58271939 -2.58982753 -2.58689938 -2.56079491 -2.55995508
 -2.56923496 -2.54007756 -2.56224177 -2.5344888  -2.52903    -2.52796097
 -2.51603011 -2.52332067 -2.49592752 -2.51622894 -2.50061225 -2.51300017
 -2.5052631  -2.49847259 -2.47894765 -2.48451779 -2.49352031 -2.48224582
 -2.48456195 -2.47689021 -2.45209609 -2.45478879 -2.46615659 -2.44236114
 -2.44339938 -2.44297054 -2.45014922 -2.42115206 -2.41084904 -2.42815516
 -2.41934333 -2.42024346 -2.40411233 -2.41045128 -2.39653925 -2.40481329
 -2.37573605 -2.37529756 -2.3738162  -2.36596762 -2.35656793 -2.35632727
 -2.36219291 -2.35429069 -2.33757012 -2.33068914 -2.3441749  -2.33227873
 -2.32694856 -2.31190517 -2.30715791 -2.30174778 -2.29871169 -2.28528872
 -2.29235517 -2.27871996 -2.26748537 -2.26770497 -2.25817756 -2.25211002
 -2.23032228 -2.23178709 -2.23009    -2.21881269 -2.20605431 -2.20181266
 -2.19077964 -2.18076261 -2.16853215 -2.16028684 -2.14880105 -2.13661126
 -2.1245076  -2.10966245 -2.09789045 -2.08476299 -2.06830662 -2.05379612
 -2.03706575 -2.02006011 -2.00151413 -1.9818946  -1.96068877 -1.93824015
 -1.91390974 -1.8890312  -1.85906048 -1.82856074 -1.79556174 -1.76338739
 -1.73643235 -1.71036394 -1.67978659 -1.65591135 -1.62366159 -1.59653204
 -1.56621441 -1.54401268 -1.51150521 -1.48886877 -1.45797231 -1.42243625
 -1.38390976 -1.26696917 -1.08418506 -1.05090066 -0.99970184 -0.95053072
 -0.90963441 -0.85780413 -0.80918538 -0.77038405 -0.71621731 -0.66273005
 -0.62476911 -0.56225045 -0.49912909 -0.43665283 -0.39091809 -0.32569139
 -0.26275234 -0.1978692  -0.14366385 -0.0716417   0.00935655  0.0836716
  0.1528084   0.2219837   0.31346107 -1.2052646  -1.21793989 -1.21544626
 -1.24521569 -1.22661355 -1.23089007 -1.22936159 -1.20395071 -1.2046483
 -1.20090114 -1.16365258 -1.16772258 -1.12600593 -1.11334024 -1.08752159
 -1.01787532 -0.08662154 -0.12590737 -0.1307416  -0.126166   -0.12012764
 -0.08841165 -0.06623869 -0.03259598  0.9747561   0.99056241  0.98615841
  1.02699383],[-1.27257549e-01 -8.02823150e-02 -2.51152155e-02 -1.49211035e-01
 -1.22523139e-01 -9.36936495e-02 -6.62068368e-02 -2.77827144e-02
  3.47092712e-03  4.12088003e-02  7.96104657e-02 -1.45004185e-01
 -1.52641249e-01 -1.45575517e-01 -1.34009650e-01 -1.30455983e-01
 -1.20686837e-01 -1.01665883e-01 -8.29729255e-02 -7.55223933e-02
 -6.19646561e-02 -4.36037897e-02 -2.82039640e-02 -6.34144541e-03
  9.33126542e-03  2.43467354e-02  5.00480520e-02  9.10299777e-02
  9.67169800e-01  9.98862089e-01  1.03763630e+00  1.08922888e+00
  1.14955410e+00  9.96466149e-01  9.56051041e-01  9.48201071e-01
  9.57621738e-01  9.51988858e-01  9.56752817e-01  1.00361460e+00
  1.02300507e+00  1.05685650e+00  1.11475660e+00  2.52828284e+00
  2.52918974e+00  2.53800697e+00  2.54625939e+00  2.53721051e+00
  2.54633955e+00  2.53411641e+00  2.52591508e+00  2.43407753e+00
  2.25025895e+00  2.09721766e+00  1.97519081e+00  2.00894151e+00
  2.01321206e+00  2.00691247e+00  1.98290983e+00  1.98927954e+00
  1.99971012e+00  1.99891123e+00  1.99966304e+00  1.91018107e+00
  1.81423144e+00  1.74417472e+00  1.67343336e+00  1.60441116e+00
  1.54518868e+00  1.49237033e+00  1.43599518e+00  1.37782742e+00
  1.32944153e+00  1.29435536e+00  1.22979339e+00  1.18610790e+00
  1.14419495e+00  1.09594206e+00  1.06009283e+00  1.04412060e+00
  9.91867190e-01  9.73723013e-01  9.24693589e-01  9.05424221e-01
  8.75488146e-01  8.35246394e-01  8.00449993e-01  8.07477947e-01
  7.67345137e-01  7.29406298e-01  7.16804934e-01  6.81151598e-01
  6.60797086e-01  6.31104752e-01  6.13084921e-01  5.86792197e-01
  5.73410074e-01  5.45068311e-01  5.39259292e-01  5.08595275e-01
  4.84797078e-01  4.78159664e-01  4.63290338e-01  4.21383747e-01
  4.13971895e-01  3.95093338e-01  3.88351321e-01  3.51675614e-01
  3.42579294e-01  3.29509647e-01  3.01705114e-01  2.90535058e-01
  2.63811316e-01  2.62063279e-01  2.40544021e-01  2.24906150e-01
  2.04508470e-01  1.84475457e-01  1.78754822e-01  1.64950146e-01
  1.41492763e-01  1.34514737e-01  9.98065255e-02  9.10942139e-02
  6.79713189e-02  5.62994346e-02  4.43651932e-02  3.14640637e-02
  1.81865217e-02 -9.58812383e-04 -3.93074720e-02 -6.18964499e-02
 -8.48447828e-02 -1.09629227e-01 -1.35347742e-01 -1.53155021e-01
 -1.82736454e-01 -2.05190650e-01 -2.18983598e-01 -2.35898756e-01
 -2.56064027e-01 -2.70661549e-01 -2.93676494e-01 -3.06315612e-01
 -3.23089301e-01 -3.38918861e-01 -3.53085271e-01 -3.63065854e-01
 -3.82644295e-01 -3.92442754e-01 -4.08097771e-01 -4.19195930e-01
 -4.31630481e-01 -4.43219943e-01 -4.54234347e-01 -4.65789622e-01
 -4.78540996e-01 -4.89375390e-01 -4.99914006e-01 -5.10660419e-01
 -5.20571897e-01 -5.30788614e-01 -5.40860505e-01 -5.50778775e-01
 -5.61765497e-01 -5.71810267e-01 -5.78541750e-01 -5.88390694e-01
 -6.00047728e-01 -6.04635722e-01 -6.19134888e-01 -6.23001608e-01
 -6.31482097e-01 -6.41020863e-01 -6.47498780e-01 -6.59496899e-01
 -6.60615470e-01 -6.77200206e-01 -6.81630941e-01 -6.96315150e-01
 -7.03504985e-01 -7.10926526e-01 -7.12552376e-01 -7.25214524e-01
 -7.39953958e-01 -7.44935286e-01 -7.56832703e-01 -7.63500008e-01
 -7.60144668e-01 -7.72357222e-01 -7.90342711e-01 -7.86297619e-01
 -7.98065101e-01 -8.09122608e-01 -8.25964094e-01 -8.16239341e-01
 -8.19830926e-01 -8.45508256e-01 -8.50625093e-01 -8.64021925e-01
 -8.62532625e-01 -8.81371514e-01 -8.81507893e-01 -9.03334869e-01
 -8.87563476e-01 -9.00880591e-01 -9.13532123e-01 -9.19308398e-01
 -9.23193709e-01 -9.38216182e-01 -9.61705249e-01 -9.68211696e-01
 -9.62610328e-01 -9.70183459e-01 -1.00808323e+00 -1.00940647e+00
 -1.02088056e+00 -1.01666205e+00 -1.02947803e+00 -1.04172648e+00
 -1.05903955e+00 -1.05703953e+00 -1.09640722e+00 -1.09457326e+00
 -1.09749208e+00 -1.12721481e+00 -1.13537873e+00 -1.15294156e+00
 -1.12878280e+00 -1.16889219e+00 -1.20361043e+00 -1.21088610e+00
 -1.21346247e+00 -1.24766565e+00 -1.25925171e+00 -1.27656488e+00
 -1.28592359e+00 -1.31697720e+00 -1.33547419e+00 -1.35314608e+00
 -1.37532526e+00 -1.38100317e+00 -1.41715669e+00 -1.45172591e+00
 -1.45540946e+00 -1.49780338e+00 -1.51829642e+00 -1.56261781e+00
 -1.57822867e+00 -1.62436923e+00 -1.66945141e+00 -1.70768885e+00
 -1.75315820e+00 -1.78602881e+00 -1.85573993e+00 -1.90898791e+00
 -1.96583645e+00 -2.00387680e+00 -2.00372292e+00 -1.99817589e+00
 -2.01393599e+00 -1.99726778e+00 -2.01577757e+00 -2.01169226e+00
 -2.01834178e+00 -1.99667109e+00 -2.00834195e+00 -1.98906483e+00
 -1.99360055e+00 -2.00878333e+00 -2.02886281e+00 -2.23079257e+00
 -2.56078612e+00 -2.53901277e+00 -2.55443412e+00 -2.56308292e+00
 -2.55393103e+00 -2.56371066e+00 -2.56557453e+00 -2.54933744e+00
 -2.55729846e+00 -2.56194046e+00 -2.54149544e+00 -2.55587282e+00
 -2.56825097e+00 -2.57703996e+00 -2.56186491e+00 -2.56986900e+00
 -2.57257911e+00 -2.57526337e+00 -2.56375925e+00 -2.56994797e+00
 -2.58273871e+00 -2.58561265e+00 -2.58083616e+00 -2.57388043e+00
 -2.58485781e+00 -1.19223108e+00 -1.15755461e+00 -1.13660267e+00
 -1.09093522e+00 -1.08398332e+00 -1.05994384e+00 -1.04071996e+00
 -1.03802143e+00 -1.01754878e+00 -1.00033751e+00 -1.00350435e+00
 -9.81455662e-01 -9.85376000e-01 -9.72326967e-01 -9.65783977e-01
 -9.79846680e-01 -1.23530374e+00 -1.18290323e+00 -1.14439540e+00
 -1.10957454e+00 -1.07543521e+00 -1.04881561e+00 -1.01880113e+00
 -9.91157221e-01 -1.18752441e+00 -1.13638546e+00 -1.08114368e+00
 -1.03441240e+00]
[ 1.02520256e+00  1.00761006e+00  9.78199106e-01 -8.12938217e-03
 -5.83051545e-02 -1.09972826e-01 -9.53598053e-02 -1.11288958e-01
 -1.19658968e-01 -9.67806395e-02 -1.00951226e-01 -1.01370833e+00
 -1.09941951e+00 -1.10575931e+00 -1.14071835e+00 -1.15956936e+00
 -1.17475220e+00 -1.18632824e+00 -1.18907901e+00 -1.20359161e+00
 -1.20730494e+00 -1.19905352e+00 -1.22281611e+00 -1.22395795e+00
 -1.22528955e+00 -1.20631131e+00 -1.19947725e+00 -1.18220388e+00
 -6.08303155e-02 -8.74258745e-02 -1.05499770e-01 -1.20585169e-01
 -1.15431138e-01 -9.63354972e-01 -1.01999658e+00 -1.06365333e+00
 -1.10799664e+00 -1.11709681e+00 -1.15217267e+00 -1.17875662e+00
 -1.18648836e+00 -1.20982983e+00 -1.21637433e+00 -5.86325794e-01
 -6.58028078e-01 -7.09399437e-01 -7.76779926e-01 -8.41464302e-01
 -9.02300891e-01 -9.58949468e-01 -1.01982756e+00 -1.10575133e+00
 -1.21273618e+00 -1.30834020e+00 -1.37487529e+00 -1.42382599e+00
 -1.47173782e+00 -1.51711122e+00 -1.56188715e+00 -1.60457139e+00
 -1.64980068e+00 -1.69467514e+00 -1.73998580e+00 -1.78950393e+00
 -1.83976377e+00 -1.88376048e+00 -1.92581342e+00 -1.96471499e+00
 -2.00117837e+00 -2.03565334e+00 -2.06831184e+00 -2.09842677e+00
 -2.12916221e+00 -2.15719010e+00 -2.18161110e+00 -2.20980007e+00
 -2.23534581e+00 -2.25513379e+00 -2.28065277e+00 -2.30066478e+00
 -2.31713219e+00 -2.33976428e+00 -2.35956666e+00 -2.37545042e+00
 -2.39517256e+00 -2.40916822e+00 -2.42712626e+00 -2.44307279e+00
 -2.45894361e+00 -2.47489132e+00 -2.49604516e+00 -2.50596433e+00
 -2.51779192e+00 -2.52544362e+00 -2.54155335e+00 -2.55180841e+00
 -2.57980965e+00 -2.57988734e+00 -2.59736691e+00 -2.60980092e+00
 -2.62215263e+00 -2.63098160e+00 -2.64970518e+00 -2.65082212e+00
 -2.66431184e+00 -2.67485139e+00 -2.67792578e+00 -2.68598291e+00
 -2.71039299e+00 -2.71790673e+00 -2.72693704e+00 -2.72715036e+00
 -2.74211052e+00 -2.75426892e+00 -2.77118882e+00 -2.77196808e+00
 -2.78466666e+00 -2.79237524e+00 -2.79696879e+00 -2.82079239e+00
 -2.82460753e+00 -2.82324856e+00 -2.83420067e+00 -2.84409326e+00
 -2.84996985e+00 -2.86161417e+00 -2.86884813e+00 -2.88408589e+00
 -2.89117685e+00 -2.89760985e+00 -2.88264466e+00 -2.87268073e+00
 -2.83475094e+00 -2.82451366e+00 -2.80563886e+00 -2.81314768e+00
 -2.77239843e+00 -2.77648357e+00 -2.77974543e+00 -2.75312435e+00
 -2.77250804e+00 -2.74898276e+00 -2.72931078e+00 -2.72649608e+00
 -2.72153379e+00 -2.68267045e+00 -2.68838339e+00 -2.66248671e+00
 -2.68101115e+00 -2.67720431e+00 -2.65591674e+00 -2.65860723e+00
 -2.65122825e+00 -2.63670892e+00 -2.65284145e+00 -2.62412207e+00
 -2.62305263e+00 -2.61578302e+00 -2.61542378e+00 -2.59043034e+00
 -2.60120203e+00 -2.57674428e+00 -2.59525421e+00 -2.56871382e+00
 -2.57754067e+00 -2.57342445e+00 -2.57071597e+00 -2.55572106e+00
 -2.56048088e+00 -2.55618840e+00 -2.53056629e+00 -2.54677347e+00
 -2.53585628e+00 -2.52985883e+00 -2.52486829e+00 -2.53064447e+00
 -2.53177614e+00 -2.51706989e+00 -2.50453749e+00 -2.51549703e+00
 -2.48600957e+00 -2.49427002e+00 -2.48536024e+00 -2.49284418e+00
 -2.47496346e+00 -2.47308949e+00 -2.46343647e+00 -2.46339861e+00
 -2.46201136e+00 -2.45482274e+00 -2.46166552e+00 -2.44393950e+00
 -2.44397469e+00 -2.42688498e+00 -2.43573105e+00 -2.42864197e+00
 -2.42466632e+00 -2.42147956e+00 -2.41591930e+00 -2.41739649e+00
 -2.41135496e+00 -2.39049763e+00 -2.39066142e+00 -2.38047876e+00
 -2.38820768e+00 -2.37518929e+00 -2.37427623e+00 -2.38287120e+00
 -2.36540774e+00 -2.36318910e+00 -2.35863780e+00 -2.35285122e+00
 -2.34669040e+00 -2.34067017e+00 -2.33780742e+00 -2.32736601e+00
 -2.32469286e+00 -2.31469390e+00 -2.30298194e+00 -2.30736454e+00
 -2.29430865e+00 -2.29216729e+00 -2.28700877e+00 -2.27459465e+00
 -2.27152177e+00 -2.26364502e+00 -2.25775151e+00 -2.24552545e+00
 -2.23612178e+00 -2.22764213e+00 -2.22547836e+00 -2.21528218e+00
 -2.20743284e+00 -2.20057361e+00 -2.18778974e+00 -2.17760595e+00
 -2.16703495e+00 -2.15613924e+00 -2.14681797e+00 -2.13393892e+00
 -2.12079762e+00 -2.11104407e+00 -2.09777336e+00 -2.08133453e+00
 -2.06879187e+00 -2.05241936e+00 -2.03580407e+00 -2.01909092e+00
 -2.00055415e+00 -1.98084689e+00 -1.95999018e+00 -1.93785540e+00
 -1.91399720e+00 -1.88621732e+00 -1.85897392e+00 -1.82930760e+00
 -1.79491149e+00 -1.76194324e+00 -1.73564015e+00 -1.70709098e+00
 -1.67886847e+00 -1.65433751e+00 -1.62430847e+00 -1.60026193e+00
 -1.57043176e+00 -1.53950948e+00 -1.51485021e+00 -1.47977115e+00
 -1.45067318e+00 -1.42223313e+00 -1.38832839e+00 -1.26539020e+00
 -1.08886657e+00 -1.03544428e+00 -9.92366253e-01 -9.53274941e-01
 -9.11311331e-01 -8.58772598e-01 -8.17517500e-01 -7.60214624e-01
 -7.10337705e-01 -6.53559243e-01 -6.15992747e-01 -5.62868480e-01
 -5.06600833e-01 -4.55912810e-01 -3.84567810e-01 -3.21375802e-01
 -2.66100346e-01 -2.02277132e-01 -1.33402065e-01 -7.60156747e-02
 -1.15536608e-03  6.96272572e-02  1.56527853e-01  2.14283800e-01
  3.19474277e-01 -1.21292881e+00 -1.20861848e+00 -1.23659291e+00
 -1.22578154e+00 -1.24134494e+00 -1.21764460e+00 -1.19679661e+00
 -1.19707452e+00 -1.20562552e+00 -1.19260653e+00 -1.16577636e+00
 -1.18299538e+00 -1.13848541e+00 -1.11458000e+00 -1.09497692e+00
 -1.01840670e+00 -9.08236176e-02 -1.38050420e-01 -1.35632575e-01
 -1.28324026e-01 -1.19040597e-01 -8.99713590e-02 -7.74833390e-02
 -2.84976522e-02  9.59633896e-01  9.72079536e-01  9.94161341e-01
  1.02180054e+00],[-0.12828025 -0.07702348 -0.02800419 -0.14866916 -0.12245627 -0.09813974
 -0.06013637 -0.02893446  0.00400901  0.04593581  0.08081188 -0.14095102
 -0.15423272 -0.13861959 -0.13516233 -0.12570736 -0.11505607 -0.10300421
 -0.08665396 -0.0763639  -0.06040339 -0.03735074 -0.03278215 -0.01481373
  0.00338756  0.03566443  0.0608741   0.09453721  0.96202006  0.99504681
  1.03494941  1.07786534  1.1391241   0.98177469  0.9542455   0.94322671
  0.92893358  0.97090693  0.97005399  0.98321215  1.03174102  1.0526359
  1.10862646  2.53442661  2.51702816  2.54352691  2.53078272  2.52145622
  2.51945303  2.52718778  2.52063994  2.42912305  2.24982978  2.08580529
  2.0120198   2.00085311  1.99090141  1.99041776  1.99149043  2.00428752
  2.00044903  1.99661153  1.98551475  1.91988853  1.808657    1.74076243
  1.65834113  1.58894862  1.55474783  1.47553164  1.42275562  1.35591137
  1.33043278  1.28337415  1.21687231  1.19918786  1.1662571   1.10349355
  1.08501829  1.04075631  0.98648071  0.96658199  0.93740403  0.89678219
  0.87398075  0.83442804  0.81086932  0.78327818  0.75761007  0.73396134
  0.72471429  0.68907225  0.66019571  0.62414894  0.6077774   0.58050887
  0.58805945  0.54383202  0.53242821  0.51270766  0.49354656  0.46958476
  0.46123972  0.42754413  0.41247144  0.39373245  0.36593093  0.34538971
  0.34492047  0.32420635  0.30573389  0.27820321  0.26694124  0.25276538
  0.24325484  0.21843322  0.20510753  0.18742162  0.16738634  0.16333705
  0.14295458  0.1190916   0.10483557  0.08981732  0.07211276  0.05836127
  0.04176128  0.03007653  0.0134064  -0.00354086 -0.03175804 -0.05639187
 -0.0938798  -0.11651565 -0.14227528 -0.15579101 -0.1888546  -0.20284269
 -0.21708581 -0.24154523 -0.24985106 -0.27184538 -0.29168538 -0.30613127
 -0.32087996 -0.34314803 -0.35442052 -0.37194621 -0.38062897 -0.3934356
 -0.40849237 -0.41979493 -0.43219927 -0.4449244  -0.45496746 -0.46789025
 -0.47882777 -0.48982172 -0.50055671 -0.51084435 -0.5215216  -0.5307349
 -0.54212372 -0.55023699 -0.56117156 -0.57086329 -0.58065084 -0.58844333
 -0.59924151 -0.60851165 -0.61315643 -0.62660385 -0.63395968 -0.64231637
 -0.65083025 -0.66254881 -0.67308583 -0.6783259  -0.68390458 -0.69813741
 -0.69659654 -0.71002895 -0.71630376 -0.73001193 -0.73183119 -0.74121199
 -0.74655703 -0.7569944  -0.76685505 -0.77338025 -0.7885619  -0.78835793
 -0.79950859 -0.79893024 -0.81658492 -0.82299314 -0.83175496 -0.84125754
 -0.84892746 -0.86274853 -0.87027541 -0.86400702 -0.87709887 -0.88029507
 -0.90179846 -0.90211098 -0.91542199 -0.94016914 -0.93516932 -0.94816781
 -0.95867321 -0.96785649 -0.97675335 -0.98606891 -1.00032863 -1.00356852
 -1.0190502  -1.02312838 -1.02412281 -1.05380668 -1.05276691 -1.07261678
 -1.08760898 -1.08796015 -1.10888041 -1.12007379 -1.13685251 -1.13842566
 -1.14746086 -1.15974738 -1.19248662 -1.20257442 -1.22169783 -1.24670859
 -1.25116922 -1.26709456 -1.28341938 -1.30059408 -1.32968308 -1.34231927
 -1.35571599 -1.4000312  -1.42513759 -1.42341597 -1.47599407 -1.48974545
 -1.50945937 -1.56219526 -1.58092564 -1.62891156 -1.66156668 -1.69634678
 -1.73779253 -1.80677362 -1.84694822 -1.89458289 -1.96307565 -2.00638206
 -2.00230779 -2.00967396 -2.01337742 -1.99963338 -2.00905658 -1.99395867
 -2.00007275 -2.00807357 -1.99492699 -2.01254476 -2.01087523 -2.00667616
 -2.0154103  -2.2319204  -2.54750447 -2.56950496 -2.56692269 -2.55524634
 -2.54842304 -2.55968396 -2.54894461 -2.56413327 -2.564642   -2.57405199
 -2.55256861 -2.55309964 -2.55612004 -2.54967919 -2.56822924 -2.5734686
 -2.56689667 -2.56853123 -2.57352563 -2.56365624 -2.57027039 -2.57000671
 -2.58288216 -2.56518049 -2.58875479 -1.18501829 -1.16485909 -1.11900031
 -1.10567269 -1.07246462 -1.06916956 -1.06314357 -1.04230054 -1.01658171
 -1.00520679 -1.00192249 -0.97235928 -0.97818171 -0.97140327 -0.96173149
 -0.97932252 -1.23315758 -1.17798865 -1.14223712 -1.10841661 -1.07532695
 -1.04793519 -1.01536692 -0.99175988 -1.18327656 -1.13171435 -1.08197118
 -1.03277456]
[ 1.05008064  1.01000429  0.98481994  0.01415644 -0.05973141 -0.08715007
 -0.09974827 -0.10442206 -0.12182799 -0.11988131 -0.08959716 -1.02073041
 -1.08398127 -1.11566651 -1.14271236 -1.14875314 -1.18055325 -1.20458407
 -1.19762949 -1.18993683 -1.17937288 -1.22987245 -1.22432785 -1.21986396
 -1.22450435 -1.20329885 -1.21108748 -1.19799947 -0.05732972 -0.08797722
 -0.09199359 -0.10827666 -0.10496023 -0.95545049 -1.02421603 -1.06136743
 -1.09269555 -1.12075211 -1.1539857  -1.17318053 -1.19050641 -1.2110825
 -1.21614728 -0.59009991 -0.64545668 -0.71470576 -0.77310723 -0.83165655
 -0.89864676 -0.95450079 -1.013434   -1.11075866 -1.21489605 -1.31074337
 -1.37431421 -1.42291695 -1.47057121 -1.51581177 -1.56025457 -1.60507827
 -1.64972019 -1.69314944 -1.73973251 -1.79039755 -1.83830557 -1.88342581
 -1.92463629 -1.9641127  -2.00109393 -2.03597311 -2.06865998 -2.10029284
 -2.12895573 -2.15510025 -2.18319855 -2.20894158 -2.23270149 -2.25398391
 -2.27726762 -2.30067522 -2.31833051 -2.33288332 -2.3596321  -2.3773456
 -2.3918666  -2.41073135 -2.42501264 -2.43645606 -2.46107081 -2.46776151
 -2.48951769 -2.50165536 -2.5194145  -2.52914858 -2.54103177 -2.55453872
 -2.56638544 -2.59188585 -2.5898665  -2.60454849 -2.62008255 -2.63640659
 -2.64152981 -2.65709609 -2.66609641 -2.6749747  -2.67652502 -2.68728574
 -2.7025431  -2.71375955 -2.73931932 -2.7472843  -2.73977451 -2.76546747
 -2.76032408 -2.77565162 -2.78805276 -2.79728489 -2.81038424 -2.82541353
 -2.82193378 -2.84458801 -2.82293052 -2.85759846 -2.84439393 -2.85300546
 -2.8898021  -2.87760382 -2.89499774 -2.88976406 -2.89395403 -2.88022702
 -2.85735441 -2.83658075 -2.79990501 -2.79394149 -2.78499062 -2.76539787
 -2.76814862 -2.75637688 -2.74766857 -2.7439759  -2.74788163 -2.73587269
 -2.7354232  -2.69748034 -2.70687631 -2.67427299 -2.70619964 -2.66177621
 -2.66457487 -2.64223893 -2.64523507 -2.64029316 -2.63395861 -2.6300452
 -2.61776496 -2.6057608  -2.60699802 -2.60031857 -2.60894276 -2.59865711
 -2.59784528 -2.5883352  -2.56217058 -2.58455632 -2.58083992 -2.57309277
 -2.55621046 -2.54107632 -2.54164507 -2.55314224 -2.52532407 -2.52284242
 -2.52334929 -2.51339929 -2.51388943 -2.51301768 -2.50234932 -2.49859739
 -2.48728666 -2.50483296 -2.50661559 -2.47223288 -2.47220818 -2.48186732
 -2.4903264  -2.46187493 -2.46371167 -2.45798045 -2.45533019 -2.43653786
 -2.42637709 -2.44175097 -2.4170765  -2.42269906 -2.41861591 -2.42365401
 -2.40613732 -2.42480484 -2.40560412 -2.39130126 -2.39564023 -2.38543558
 -2.38972656 -2.37284019 -2.36757956 -2.37183396 -2.37079354 -2.36601252
 -2.35309689 -2.33607222 -2.34803922 -2.34686246 -2.32898175 -2.31656132
 -2.32608197 -2.31643441 -2.30858262 -2.30452303 -2.29622949 -2.28972689
 -2.27970526 -2.27754451 -2.26690397 -2.26706053 -2.25582594 -2.24385127
 -2.23775498 -2.23101271 -2.21993907 -2.21365855 -2.20947166 -2.20071871
 -2.18893241 -2.18237921 -2.16963939 -2.15812764 -2.14597014 -2.13356632
 -2.12310893 -2.11125172 -2.09582448 -2.08214015 -2.06878693 -2.0528727
 -2.0362692  -2.01880738 -2.00043234 -1.98073153 -1.959395   -1.9369545
 -1.91269428 -1.8865248  -1.85875007 -1.82898446 -1.79818638 -1.76024478
 -1.7369506  -1.70624342 -1.67834091 -1.64871751 -1.62418605 -1.59426083
 -1.57117599 -1.54399748 -1.51144331 -1.47463158 -1.45449208 -1.4172107
 -1.39119129 -1.27294559 -1.09152679 -1.04619472 -0.98948081 -0.95257372
 -0.90176766 -0.8580282  -0.81795237 -0.75702454 -0.71770518 -0.66534803
 -0.6093647  -0.54999937 -0.49854263 -0.45309634 -0.38293134 -0.32444752
 -0.2578197  -0.20525977 -0.14025177 -0.06940298 -0.01534561  0.07246534
  0.14015184  0.21839586  0.30059039 -1.22085311 -1.24068586 -1.22148854
 -1.22967973 -1.22393133 -1.20542279 -1.21078657 -1.20605814 -1.2017314
 -1.19467826 -1.16735301 -1.15884613 -1.15387867 -1.11284875 -1.07266055
 -1.02352721 -0.09232514 -0.11584589 -0.13973681 -0.13088934 -0.11091208
 -0.09642025 -0.06666912 -0.03444975  0.98029347  0.95867204  0.98562046
  1.03361147],[-0.12546554 -0.07693368 -0.02720339 -0.14499732 -0.12299878 -0.09355096
 -0.06141947 -0.02749176  0.00315451  0.03903221  0.08400962 -0.14380187
 -0.14859924 -0.1429233  -0.13631023 -0.12119223 -0.1180682  -0.11222077
 -0.09132292 -0.06941221 -0.04522733 -0.05546943 -0.03401027 -0.01257599
  0.00357367  0.03737117  0.05241247  0.08272537  0.9643461   0.99430035
  1.0455733   1.08787754  1.1479079   0.99268468  0.94759722  0.9463526
  0.95302997  0.96441356  0.96649864  0.99285659  1.02375427  1.04974296
  1.1086525   2.52592263  2.54486547  2.53059634  2.5394464   2.54657987
  2.52904569  2.53965121  2.53985262  2.4122353   2.24176995  2.07628094
  2.01369844  2.00419437  1.99576523  1.99644494  2.00005338  2.0003255
  2.00020164  2.00815629  1.98691746  1.90847735  1.82815386  1.74535177
  1.68962025  1.61879628  1.54939275  1.49813589  1.4348133   1.39273461
  1.32844539  1.26026185  1.23250439  1.19264944  1.14782446  1.09653145
  1.06607603  1.04099796  0.99226406  0.93692468  0.9377573   0.90391656
  0.86250657  0.83956445  0.8043794   0.76407022  0.76343216  0.71536805
  0.70852484  0.6788735   0.663775    0.63201814  0.60662819  0.58577649
  0.56272866  0.5653645   0.51933396  0.50385463  0.49011374  0.47780765
  0.44899218  0.43636303  0.41478448  0.39374929  0.36398791  0.34684281
  0.3354098   0.31927421  0.31931287  0.29961459  0.26434909  0.2637816
  0.23258623  0.22168264  0.20796785  0.19149746  0.17844534  0.16688133
  0.14066761  0.13496353  0.09644679  0.09906274  0.06814417  0.05256145
  0.05463438  0.0259668   0.01539221 -0.00810909 -0.02597114 -0.05277419
 -0.08308816 -0.11112063 -0.1450574  -0.16417162 -0.18400443 -0.2073318
 -0.22154236 -0.24066612 -0.25815838 -0.2736189  -0.28661011 -0.30386842
 -0.31766939 -0.33998296 -0.35074653 -0.36991207 -0.37644944 -0.39613407
 -0.40753726 -0.42206296 -0.43309143 -0.44487679 -0.45655114 -0.46784986
 -0.47928193 -0.49026695 -0.5008292  -0.51129487 -0.52207138 -0.53216737
 -0.54258698 -0.55224093 -0.55983796 -0.57251949 -0.58236474 -0.59148915
 -0.59878026 -0.60586545 -0.61581001 -0.62837409 -0.63163173 -0.6407371
 -0.6506987  -0.657579   -0.66757859 -0.67724029 -0.68342028 -0.69196117
 -0.6974297  -0.71483454 -0.72609407 -0.72071936 -0.7308127  -0.74601533
 -0.76119277 -0.75648278 -0.76817317 -0.77561701 -0.78494264 -0.78389287
 -0.78798016 -0.80969351 -0.80337807 -0.81886832 -0.82738435 -0.84338088
 -0.8410809  -0.86955975 -0.86546711 -0.86513197 -0.88228795 -0.88563678
 -0.90375907 -0.89998187 -0.90837692 -0.92786718 -0.94199532 -0.95206564
 -0.95199293 -0.94600044 -0.97903646 -0.99534809 -0.98767612 -0.9873675
 -1.02172578 -1.02648512 -1.03429441 -1.04915291 -1.05686484 -1.06831794
 -1.07313004 -1.09480366 -1.09902886 -1.12866375 -1.13263647 -1.13462908
 -1.152535   -1.17014521 -1.17604949 -1.1979055  -1.22948499 -1.24795108
 -1.25648908 -1.28856019 -1.29649951 -1.31170146 -1.32579838 -1.34096871
 -1.37328673 -1.40294947 -1.40794545 -1.43425991 -1.47788384 -1.50096221
 -1.52653836 -1.55292032 -1.59358251 -1.62892967 -1.6753557  -1.71144397
 -1.75491003 -1.80214486 -1.84817849 -1.89647703 -1.93919604 -2.01657336
 -1.99444667 -2.01365548 -2.01553686 -2.02367963 -2.00931278 -2.01613675
 -1.99730956 -1.99326141 -2.00528535 -2.02736194 -2.00030991 -2.0196894
 -2.00828173 -2.21409204 -2.54149731 -2.54643969 -2.57282389 -2.55662141
 -2.56637286 -2.56104526 -2.54821993 -2.56947598 -2.5529009  -2.55595808
 -2.56244893 -2.57153515 -2.56727711 -2.55349189 -2.57040472 -2.56976385
 -2.5768529  -2.56519816 -2.56602243 -2.57084989 -2.55569142 -2.5729567
 -2.56719113 -2.56913373 -2.5718819  -1.17829129 -1.13812503 -1.13139258
 -1.10279792 -1.0857541  -1.07822123 -1.05353081 -1.03642557 -1.01929435
 -1.00410047 -1.00116565 -0.98648817 -0.96984846 -0.97252076 -0.97329609
 -0.97702765 -1.23278274 -1.18626939 -1.14103149 -1.10779255 -1.07802127
 -1.04630044 -1.01847719 -0.99049384 -1.18824855 -1.12907646 -1.08052381
 -1.03506737]
