[-2.00033198 -1.99975078 -2.00104496 -2.00145384 -2.00113772 -2.0013646
 -2.00076925 -2.00066239 -2.00124574 -2.00005468 -2.00007075 -2.00038374
 -2.00087777 -2.00078217 -2.00151159 -2.00110061 -1.99995325 -1.99961849
 -2.00035411 -1.99989242 -2.00007993 -1.99991891 -1.99987492 -1.99859787
 -1.99929349 -1.99940314 -1.99856155 -1.99957531 -1.99954518 -2.00019415
 -2.00068428 -2.00149347 -2.00115034 -2.00197582 -2.00137223 -2.00113763
 -2.00106509 -2.00110948 -1.99856147 -1.98693214 -1.96373746 -1.93640876
 -1.90225219 -1.87011483 -1.83452056 -1.79576729 -1.75391995 -1.71067026
 -1.66736897 -1.62380602 -1.5823707  -1.54076837 -1.50130912 -1.46103522
 -1.41274944 -1.36176787 -1.31702359 -1.26939373 -1.22396042 -1.17457507
 -1.12933646 -1.08222775 -1.04011574 -0.99241724 -0.94633571 -0.90230039
 -0.8562441  -0.81040304 -0.76429093 -0.71832687 -0.67253713 -0.62757982
 -0.58178903 -0.5363389  -0.49149877 -0.44366516 -0.39803394 -0.35261144
 -0.30735233 -0.26349421 -0.21901178 -0.17278197 -0.12893597 -0.08395787
 -0.03807673  0.00973431  0.05536029  0.10250787  0.14952222  0.19600017
  0.24010874  0.28538646  0.33435817  0.38089694  0.42756396  0.47131548
  0.51740817  0.56247131  0.60768837  0.65047681  0.69897247  0.74551795
  0.79177943  0.83899021  0.88488984  0.93117298  0.97887803  1.02590534
  1.06982295  1.10935279  1.15790683  1.2058533   1.25363499  1.30153893
  1.34562726  1.3922581   1.44030677  1.48905582  1.53118987  1.5796168
  1.62749545  1.67332929  1.71853731  1.76348583  1.8083189   1.85049552
  1.86570326  1.86455482  1.86536929  1.86455416  1.8642233   1.86427298
  1.86505747  1.86460838  1.86567052  1.86531286  1.86442138  1.86260752
  1.86246613  1.86168394  1.86165853  1.86158423  1.86159949  1.86029206
  1.86076471  1.86067353  1.85940409  1.85963971  1.85875632  1.85775544
  1.85757552  1.85755776  1.85703937  1.85701769  1.85597134  1.85557105
  1.85465595  1.85363596  1.8518729   1.85237191  1.85114486  1.85073661
  1.84937727  1.84886954  1.84923887  1.84922227  1.84920665  1.84920966
  1.84897457  1.84789102  1.84748063  1.84804134  1.84746359  1.84631323
  1.84519805  1.84523545  1.8458069   1.84289296  1.84282247  1.83973037
  1.8395634   1.83835914  1.83946857  1.83965725  1.83798489  1.83730824
  1.83877238  1.83659907  1.83634019  1.8350397   1.83493224  1.83477242
  1.83476312  1.83402076  1.83358401  1.83240495  1.83161039  1.83204445
  1.83070936  1.83049837  1.83057983  1.82894277  1.82786273  1.82691338
  1.8270144   1.82609059  1.92374719  1.92500053  1.92566463  1.92378914
  1.92462448  1.92789951  1.92828866  1.93043286  1.92975106  1.93195192
  1.92701638  1.92845766  1.93038754  1.93332561  1.93317415  1.93593927
  1.93576228  1.93740925  1.9380178   1.93901105  1.94110298  1.9411814
  1.94403581  1.94399878  1.94690781  1.94873159  1.94996798  1.952295
  1.95405402  1.95500511  1.95514045  1.95757279  1.96092757  1.96755899
  1.96145372  1.96639327  1.96268116  1.96368884  1.96611801  1.96590908
  1.96755318  1.96592723  1.97081368  1.97346597  1.97698671  1.98361472
  1.99130682  1.99950264  2.01128523  2.01919608  2.02812876  2.03756865
  2.05593598  2.07492366  2.08919367  2.10663594  2.12263121  2.13893647
  2.15217096  2.1686054   2.18473182  1.86578885  1.87547794  1.88443393
  1.89938928  1.91488374  1.92733539  1.94239665  1.95336844  1.96685202
  1.98100197  1.99522201  2.01153552  2.02882036  2.04404267  2.05739092
  2.07095393  2.08664372  2.10252145  2.11634997  2.13163905  2.15245989
  2.17436196  2.19782141  2.21928506  2.24053783  2.26077933  2.27782641
  2.27999851  2.28262638  2.28895583  2.28847866  2.28883584  2.28970147
  2.28931071  2.28877969  2.28868556  2.28875403  2.28761157  2.28578296
  2.28479851  2.28322525  2.28213887  2.28349939  2.28165153  2.27914429
  2.27789011  2.27689489  2.27532173  2.2743776   2.27272723  2.26694361
  2.26772338  2.2683243   2.26914552  2.2703174   2.27104342  2.27384006
  2.27276514  2.27490795  2.27595439  2.27274114  2.27315038  2.27549157
  2.27648864  2.27799305  2.27836027  2.28055623  2.28093832  2.28229329
  2.28422773  2.28616576  2.28819335  2.28766485  2.28944142  2.29066133
  2.29614657  2.29951831  2.30277142  2.30676847  2.30835537  2.31228909
  2.32026688  2.32251606  2.32596066  2.32630532  2.32737908  2.32730556
  2.32798817  2.32880787  2.32810865  2.32864033  2.32825564  2.32722686
  2.32562155  2.31390086  2.30435281  2.29388519  2.27549682  2.25642175
  2.23593143  2.21823977  2.19293365  2.16898528  2.15505207  2.15094441
  2.14868773  2.14564811  2.14616255  2.14614667  2.14682395  2.14626415
  2.14667326  2.14689347  2.14647829  2.14745482  2.14718576  2.14700934
  2.14678192  2.14733849  2.14856647  2.14939416  2.15001208  2.15084296
  2.15174582  2.15240675  2.15414492  2.1565335   2.15811397  2.15658686
  2.15848735  2.16504793  2.17873277  2.19587031  2.21652834  2.23648048
  2.26591746  2.29987237  2.3298306   2.33771253  2.34013928  2.33867738
  2.33599104  2.33827474  2.33886892  2.33899278  2.33683766  2.33348171
  2.33222916  2.33058114  2.3291816   2.32697597  2.32518379  2.32420834
  2.32238369  2.32069157  2.31858088  2.03631752  2.03437288  2.03364898
  2.03000495  2.02746544  2.02545222  2.02213165  2.01439768  2.00878555
  2.00230034  1.99660403  1.99172958  1.98288468  1.98060975  1.9722305
  1.96936601  1.97192088  1.96225565  1.95457864  1.95419546  1.94856966
  1.94948327  1.94320631  1.93527037  1.92729435  1.91854386  1.91060559
  1.90166203  1.89294792  1.88326254  1.87352198  1.86384712  1.85266802
  1.85848904  1.85817544  1.8573204   1.8570055   1.85870501  1.85975437
  1.86006929  1.84727653  1.8523401   1.85823714  1.85590823  1.86278773
  1.87193656  1.87853402  1.88350519  1.89336244  1.90475847  1.90949748
  1.91644546  1.92660764  1.51449657  1.53422075  1.55162647  1.55490415
  1.55993521  1.5591729   1.56118041  1.55921298  1.56124616  1.56161594
  1.56420361  1.56477774  1.56676781  1.566633    1.56851796  1.56886591
  1.57199076  1.57253982  1.57621503  1.57790875  1.57927804  1.58056044
  1.58361115  1.5852713   1.5873853   1.58974318  1.59275748  1.5962998
  1.60046268  1.60746961  1.61199055  1.61684512  1.62042752  1.62199725
  1.62501155  1.62864369  1.63082212  1.63582089  1.63746874  1.63968998
  1.64171328  1.6486925   1.65416495  1.65739652  1.66511689  1.67171593
  1.26733484  1.27215355  1.2766781   1.27700872  1.27634109  1.27628716
  1.27704542  1.2769864   1.27652421  1.27590757  1.27685766  1.28113091
  1.28306057  1.28379306  1.28716824  1.28761846  1.28835412  1.2923904
  1.29358725  1.29745229  1.30209447  1.30137971  1.30247161  1.30438048
  1.30548141  1.30724053  1.30805931  1.31265858  1.31981484  1.33032674
  1.33485682  1.34024865  1.34541908  1.34281265  1.33977691  1.33591092
  1.3383109   1.33811873  1.18584023  1.18580821  1.18519112  1.25537133
  1.25313609  1.25361964  1.252907    1.2531429   1.25287318  1.25188299
  1.25107234  1.25218462  1.25463162  1.25582855  1.25745394  1.25357527
  1.25346144  1.25804102  1.25941215  1.26122461  1.2643277   1.26356726
  1.2707359   1.29002192  1.313211    1.17963683  1.20430351  1.22766116
  1.25385962  1.27838937  0.96483426  0.98348414  0.9889758   0.99653804
  0.99879685  1.00010919  1.00066437  1.00093895  1.00270087  1.00290707
  1.00795434  1.00844592  1.00926068  1.01076536  1.01692275  1.02210916
  1.0261072   1.03084539  1.03685007  1.0450646   1.04664116  1.05604455
  1.05785653  1.05945728  1.06663098  1.06894612  1.07690014  1.08679264
  1.09649555  1.10494992  1.10980162  1.11454717  1.11830675  1.12313146
  1.12673352  1.13173451  1.13867124  1.14565295  1.15461958  1.16696381
  1.17435317  1.18037005  0.78660961  0.78984053  0.79650601  0.80524235
  0.81283226  0.81811736  0.82595668  0.83292056  0.84620428  0.85322177
  0.86000743  0.86834521  0.87574964  0.88712694  0.89363234  0.90271093
  0.91125848  0.91795347  0.58316472  0.58749387  0.59307626  0.59992796
  0.60697869  0.60825067  0.60976478  0.61339636  0.61409787  0.61331586
  0.61415073  0.61394048  0.61307995  0.61318704  0.61380444  0.61173114
  0.60879864  0.60897881  0.60931155  0.60931552  0.60986129  0.61060057
  0.60983688  0.6145517   0.61809484  0.63246931  0.64956243  0.6655438
  0.6849969   0.7036613   0.72709983  0.7529111   0.76097336  0.76131579
  0.76093446  0.76131877  0.76137176  0.76022334  0.32803101  0.32828494
  0.32743847  0.32738827  0.32622342  0.32731231  0.3272709   0.32776586
  0.32811587  0.32811259  0.32768413],[-0.49821444 -0.49922378 -0.50084564 -0.49995567 -0.50050563 -0.49999806
 -0.50043435 -0.50070157 -0.49952847 -0.50071311 -0.49987374 -0.50003212
 -0.49985068 -0.50098526 -0.50041422 -0.50020805 -0.49973333 -0.49970815
 -0.49972521 -0.50153787 -0.50074984 -0.50045415 -0.50005556 -0.50130349
 -0.50094873 -0.49946503 -0.50318894 -0.50000148 -0.5017197  -0.50036762
 -0.49901398 -0.49834129 -0.49949536 -0.49963546 -0.49813098 -0.4995083
 -0.4997729  -0.4986987  -0.49949963 -0.50303447 -0.50133586 -0.50301682
 -0.50401437 -0.50299976 -0.50132779 -0.50029738 -0.50155397 -0.50442251
 -0.50493059 -0.50469929 -0.50818655 -0.50832518 -0.50881202 -0.50974715
 -0.51052711 -0.51430017 -0.51289778 -0.51505051 -0.51666259 -0.51952894
 -0.52126593 -0.52018154 -0.5189584  -0.51742486 -0.51618454 -0.51766395
 -0.51376345 -0.51740499 -0.51713781 -0.51807297 -0.51837539 -0.5176555
 -0.52104362 -0.51837059 -0.51816795 -0.52242119 -0.52648929 -0.52791588
 -0.52767953 -0.52471288 -0.52605053 -0.52745454 -0.52580121 -0.52761368
 -0.53043563 -0.53195472 -0.53220314 -0.5337649  -0.53621074 -0.5387936
 -0.54183108 -0.54547368 -0.54087454 -0.54370752 -0.54139076 -0.54441664
 -0.54188483 -0.54376932 -0.5439423  -0.54660784 -0.54555977 -0.5460014
 -0.54864239 -0.54978844 -0.54631994 -0.54513099 -0.54027962 -0.54038198
 -0.54223845 -0.54015652 -0.54175434 -0.5437284  -0.54456097 -0.54425258
 -0.54433732 -0.54312668 -0.53784235 -0.53737739 -0.53762224 -0.53640882
 -0.53597719 -0.53417109 -0.53140125 -0.53094104 -0.52884272 -0.52696098
 -0.51996416 -0.52084599 -0.51944607 -0.52065815 -0.52016918 -0.52199107
 -0.52009865 -0.5202211  -0.51968843 -0.52296329 -0.52667815 -0.53160247
 -0.53359003 -0.53739587 -0.54168845 -0.54445052 -0.54782673 -0.55076677
 -0.55364217 -0.55678343 -0.56088685 -0.56293668 -0.56864939 -0.57147866
 -0.5762068  -0.58008824 -0.58045597 -0.58608701 -0.59013595 -0.59350631
 -0.59528406 -0.60439506 -0.60720935 -0.60917211 -0.61288819 -0.61679017
 -0.61959158 -0.62198088 -0.62644008 -0.63065738 -0.633472   -0.63577867
 -0.63830684 -0.6414045  -0.6453743  -0.64769173 -0.65167107 -0.65516528
 -0.65940404 -0.66162452 -0.66023309 -0.6737956  -0.68176913 -0.69197898
 -0.69455235 -0.69760465 -0.70084053 -0.70378908 -0.70697807 -0.71091925
 -0.71315951 -0.71793625 -0.72108835 -0.72431433 -0.72780538 -0.73124148
 -0.73364596 -0.73679589 -0.74106574 -0.74325172 -0.74567871 -0.74991956
 -0.75388937 -0.75613325 -0.75950847 -0.76342616 -0.76818901 -0.77075681
 -0.77406039 -0.77642754 -0.64688769 -0.64702011 -0.64654328 -0.64733163
 -0.64655592 -0.64477211 -0.64427197 -0.64408204 -0.64265541 -0.6427034
 -0.64613073 -0.64533168 -0.64351406 -0.64289324 -0.64196185 -0.63924054
 -0.64036369 -0.63971701 -0.63906147 -0.63720493 -0.63679813 -0.63610782
 -0.63476365 -0.63433801 -0.63481234 -0.63363701 -0.63410598 -0.63304896
 -0.63145766 -0.63085088 -0.63101572 -0.62991155 -0.62791964 -0.62306003
 -0.6285802  -0.62498144 -0.62847927 -0.62722834 -0.626427   -0.62558743
 -0.62426923 -0.62543796 -0.62307946 -0.62243095 -0.61916411 -0.61466854
 -0.60994897 -0.6035426  -0.59772258 -0.59082733 -0.58637965 -0.57900883
 -0.56924192 -0.55705845 -0.54799089 -0.53795962 -0.53405118 -0.52217502
 -0.51398353 -0.50258439 -0.49212186 -0.10073907 -0.09583551 -0.09072232
 -0.07898311 -0.06828281 -0.05773513 -0.04518942 -0.0389042  -0.02834309
 -0.01681388 -0.00427796  0.00699729  0.01976864  0.03362997  0.04511805
  0.05686903  0.06950132  0.08577268  0.09376481  0.10857828  0.11921146
  0.13774227  0.15119989  0.17064884  0.19140448  0.20885486  0.22341855
  0.22152889  0.2215914   0.2288121   0.22960729  0.23183869  0.23250962
  0.2330599   0.23112391  0.2322931   0.23093464  0.22862373  0.22470507
  0.22268838  0.22116258  0.21947109  0.21994203  0.21724471  0.21535286
  0.21226941  0.21174022  0.21130548  0.21028909  0.21059242  0.19615618
  0.19798902  0.20114682  0.20377835  0.20599461  0.20858327  0.21351599
  0.21387211  0.21623212  0.21924209  0.21321278  0.21282496  0.21412486
  0.21618719  0.21548994  0.21911441  0.21901533  0.22044803  0.2207308
  0.22174706  0.22314678  0.22457579  0.22459799  0.22625928  0.22813865
  0.23234724  0.23366006  0.23756443  0.24124422  0.24240869  0.24627821
  0.25369263  0.25657293  0.26313111  0.26282936  0.26376435  0.26379499
  0.26324888  0.26303454  0.26446134  0.26535004  0.26561815  0.26298414
  0.2590409   0.24497474  0.22645941  0.21523491  0.19333288  0.17443845
  0.15622037  0.13784835  0.10803703  0.08216926  0.06764454  0.05993242
  0.05540818  0.05357905  0.0539058   0.05414163  0.05345996  0.05239321
  0.05316644  0.05353253  0.05369617  0.05275028  0.05128018  0.0525711
  0.05441474  0.05574317  0.05645784  0.05691174  0.05729297  0.05829841
  0.05923441  0.06275119  0.06385219  0.06832316  0.06939691  0.06565175
  0.06478793  0.07163048  0.08742216  0.10331538  0.13130483  0.15006658
  0.18401411  0.21294254  0.23727725  0.24610832  0.24821101  0.2480774
  0.24631337  0.24747924  0.24658695  0.2479541   0.24211519  0.23774746
  0.23295869  0.22686511  0.22385115  0.21787642  0.21569874  0.21191742
  0.2087307   0.20503524  0.2019537   0.43518819  0.431334    0.42927792
  0.42430801  0.4173882   0.41468913  0.41033247  0.40177304  0.39119254
  0.38393823  0.37694107  0.36836043  0.35947205  0.35378103  0.34440209
  0.33887196  0.3414045   0.33069206  0.3238308   0.32083678  0.31383047
  0.35204519  0.34824256  0.34524886  0.3420766   0.33882247  0.33619517
  0.33276965  0.33055455  0.32764122  0.32462865  0.3207534   0.31757153
  0.31859781  0.31867685  0.31862617  0.31888207  0.32009074  0.32135577
  0.32343593  0.33478149  0.3394711   0.3452269   0.34994008  0.35587916
  0.36772938  0.39404964  0.42685539  0.46753307  0.51002308  0.55178888
  0.59509604  0.63733744  0.59328666  0.6307711   0.66945012  0.69440903
  0.70399006  0.7052153   0.70546719  0.70455448  0.70524967  0.70616557
  0.70665866  0.70835775  0.70825454  0.7094423   0.71063189  0.71259801
  0.71338327  0.71520827  0.71698374  0.71809873  0.71969126  0.72195508
  0.72243502  0.72514042  0.72651793  0.72796961  0.72934581  0.73101936
  0.73296149  0.73719168  0.73975085  0.74281297  0.74381612  0.74574333
  0.74884333  0.75226654  0.7528995   0.75648515  0.75847581  0.759927
  0.76421439  0.76615993  0.76891957  0.77081791  0.77304482  0.77734609
  0.64531335  0.64902155  0.6538138   0.6558883   0.65626962  0.65691362
  0.65585275  0.65651285  0.65673337  0.65677694  0.65611224  0.65760596
  0.65851414  0.65938142  0.66024875  0.66057945  0.66245665  0.66540601
  0.6664142   0.66831585  0.6707779   0.67123003  0.6717867   0.67337288
  0.67458251  0.67593528  0.67674964  0.67897742  0.6782765   0.67867564
  0.67987914  0.67953353  0.68013865  0.67531356  0.6676793   0.6604917
  0.65861128  0.65495691  0.58614867  0.58301785  0.58142482  0.85510923
  0.85533996  0.85573941  0.8552123   0.85652715  0.85523738  0.85489102
  0.85530049  0.85566139  0.85560462  0.85671906  0.85737805  0.85947082
  0.86013575  0.85548203  0.85559439  0.85710179  0.8583251   0.86011817
  0.86650421  0.88042859  0.90208036  0.59907368  0.63415444  0.66693168
  0.7024447   0.73706043  0.56654027  0.60029956  0.60588025  0.60261764
  0.60040735  0.5998504   0.59970549  0.59856225  0.59921122  0.59894712
  0.59509449  0.59431104  0.59408392  0.59511586  0.59102741  0.58825563
  0.58863534  0.58714705  0.58497465  0.58421     0.58431256  0.58189653
  0.58323759  0.58288209  0.58082995  0.58080917  0.58144232  0.57952198
  0.57832178  0.58180649  0.58462285  0.58642166  0.58725988  0.59026805
  0.59092389  0.5934355   0.59521904  0.59907067  0.60157671  0.60524971
  0.60853244  0.61213994  0.51208786  0.51757485  0.52418587  0.53327425
  0.54136449  0.5484944   0.55563759  0.56466253  0.57740864  0.58495965
  0.59231911  0.59819503  0.60512118  0.61805201  0.62529427  0.63294447
  0.64061603  0.64736232  0.66098595  0.66950246  0.67843003  0.68554618
  0.69510967  0.6969847   0.70286828  0.70410414  0.7114232   0.71081032
  0.71170437  0.71031407  0.70985261  0.70909893  0.70837277  0.70190673
  0.69575525  0.6882511   0.68796615  0.68792888  0.68935754  0.6895122
  0.68892746  0.69621018  0.70101497  0.72229342  0.74367681  0.76761946
  0.79338323  0.82066752  0.84876008  0.87720055  0.89507312  0.89755999
  0.90315481  0.9030296   0.90870556  0.90823509  0.8730538   0.87245291
  0.87340106  0.87265693  0.87248438  0.87236563  0.8718027   0.87124571
  0.87251287  0.87248652  0.87136498]

